Date,Sectors,AUC 1,AUC 2,Difference
15-Apr-23,Automobile and Auto Components,252949,267824,14875
15-Apr-23,Capital Goods,136503,139807,3304
15-Apr-23,Chemicals,94397,97495,3098
15-Apr-23,Construction,81404,84916,3512
15-Apr-23,Construction Materials,82424,83927,1503
15-Apr-23,Consumer Durables,148719,151041,2322
15-Apr-23,Consumer Services,103435,106507,3072
15-Apr-23,Diversified,2761,2955,194
15-Apr-23,Fast Moving Consumer Goods,332767,334006,1239
15-Apr-23,Financial Services,1495819,1564726,68907
15-Apr-23,Forest Materials,1897,1999,102
15-Apr-23,Healthcare,220571,229648,9077
15-Apr-23,Information Technology,489322,483647,-5675
15-Apr-23,"Media, Entertainment & Publication",17472,17432,-40
15-Apr-23,Metals & Mining,130571,138941,8370
15-Apr-23,"Oil, Gas & Consumable Fuels",450559,456307,5748
15-Apr-23,Power,149148,153139,3991
15-Apr-23,Realty,51177,55961,4784
15-Apr-23,Services,77127,79280,2153
15-Apr-23,Telecommunication,111860,113828,1968
15-Apr-23,Textiles,15516,15919,403
15-Apr-23,Utilities,572,572,0
15-Apr-23,Sovereign,0,0,0
15-Apr-23,Others,11559,10702,-857
15-Apr-23,Grand Total,4458528,4590577,132049
15-Apr-24,Automobile and Auto Components,483285,488843,5558
15-Apr-24,Capital Goods,292688,307107,14419
15-Apr-24,Chemicals,98871,101782,2911
15-Apr-24,Construction,147449,143498,-3951
15-Apr-24,Construction Materials,114615,112072,-2543
15-Apr-24,Consumer Durables,196554,193887,-2667
15-Apr-24,Consumer Services,235318,242696,7378
15-Apr-24,Diversified,5971,5983,12
15-Apr-24,Fast Moving Consumer Goods,403421,392846,-10575
15-Apr-24,Financial Services,1860055,1885646,25591
15-Apr-24,Forest Materials,2704,2876,172
15-Apr-24,Healthcare,378195,375427,-2768
15-Apr-24,Information Technology,586165,590231,4066
15-Apr-24,"Media, Entertainment & Publication",12059,12322,263
15-Apr-24,Metals & Mining,194684,204400,9716
15-Apr-24,"Oil, Gas & Consumable Fuels",603522,602737,-785
15-Apr-24,Power,279712,291821,12109
15-Apr-24,Realty,129254,136921,7667
15-Apr-24,Services,135131,136669,1538
15-Apr-24,Telecommunication,202417,205142,2725
15-Apr-24,Textiles,18716,19438,722
15-Apr-24,Utilities,1566,1713,147
15-Apr-24,Sovereign,0,0,0
15-Apr-24,Others,33369,22911,-10458
15-Apr-24,Grand Total,6415723,6476964,61241
30-Apr-23,Automobile and Auto Components,267824,274514,6690
30-Apr-23,Capital Goods,139807,145019,5212
30-Apr-23,Chemicals,97495,100399,2904
30-Apr-23,Construction,84916,89669,4753
30-Apr-23,Construction Materials,83927,83464,-463
30-Apr-23,Consumer Durables,151041,153231,2190
30-Apr-23,Consumer Services,106507,110577,4070
30-Apr-23,Diversified,2955,2987,32
30-Apr-23,Fast Moving Consumer Goods,334006,343937,9931
30-Apr-23,Financial Services,1564726,1595764,31038
30-Apr-23,Forest Materials,1999,2028,29
30-Apr-23,Healthcare,229648,232435,2787
30-Apr-23,Information Technology,483647,462248,-21399
30-Apr-23,"Media, Entertainment & Publication",17432,16792,-640
30-Apr-23,Metals & Mining,138941,142877,3936
30-Apr-23,"Oil, Gas & Consumable Fuels",456307,470227,13920
30-Apr-23,Power,153139,156898,3759
30-Apr-23,Realty,55961,58247,2286
30-Apr-23,Services,79280,82099,2819
30-Apr-23,Telecommunication,113828,119202,5374
30-Apr-23,Textiles,15919,17028,1109
30-Apr-23,Utilities,572,612,40
30-Apr-23,Sovereign,0,0,0
30-Apr-23,Others,10702,10518,-184
30-Apr-23,Grand Total,4590577,4670771,80194
30-Apr-24,Automobile and Auto Components,488843,507247,18404
30-Apr-24,Capital Goods,307107,329054,21947
30-Apr-24,Chemicals,101782,105526,3744
30-Apr-24,Construction,143498,144517,1019
30-Apr-24,Construction Materials,112072,115258,3186
30-Apr-24,Consumer Durables,193887,199567,5680
30-Apr-24,Consumer Services,242696,250517,7821
30-Apr-24,Diversified,5983,6406,423
30-Apr-24,Fast Moving Consumer Goods,392846,400346,7500
30-Apr-24,Financial Services,1885646,1930820,45174
30-Apr-24,Forest Materials,2876,3219,343
30-Apr-24,Healthcare,375427,377756,2329
30-Apr-24,Information Technology,590231,563600,-26631
30-Apr-24,"Media, Entertainment & Publication",12322,12797,475
30-Apr-24,Metals & Mining,204400,209767,5367
30-Apr-24,"Oil, Gas & Consumable Fuels",602737,605043,2306
30-Apr-24,Power,291821,305933,14112
30-Apr-24,Realty,136921,140263,3342
30-Apr-24,Services,136669,145255,8586
30-Apr-24,Telecommunication,205142,229378,24236
30-Apr-24,Textiles,19438,20240,802
30-Apr-24,Utilities,1713,1824,111
30-Apr-24,Sovereign,0,0,0
30-Apr-24,Others,22911,23348,437
30-Apr-24,Grand Total,6476964,6627680,150716
15-Aug-23,Automobile and Auto Components,345726,337762,-7964
15-Aug-23,Capital Goods,203513,203830,317
15-Aug-23,Chemicals,96354,95381,-973
15-Aug-23,Construction,107868,107371,-497
15-Aug-23,Construction Materials,94048,91521,-2527
15-Aug-23,Consumer Durables,182978,181203,-1775
15-Aug-23,Consumer Services,134860,137278,2418
15-Aug-23,Diversified,3318,3399,81
15-Aug-23,Fast Moving Consumer Goods,387151,379965,-7186
15-Aug-23,Financial Services,1771057,1721335,-49722
15-Aug-23,Forest Materials,2082,2043,-39
15-Aug-23,Healthcare,289657,287357,-2300
15-Aug-23,Information Technology,497989,513505,15516
15-Aug-23,"Media, Entertainment & Publication",18973,20677,1704
15-Aug-23,Metals & Mining,168374,162805,-5569
15-Aug-23,"Oil, Gas & Consumable Fuels",496204,496930,726
15-Aug-23,Power,180594,173429,-7165
15-Aug-23,Realty,77502,72169,-5333
15-Aug-23,Services,94576,93404,-1172
15-Aug-23,Telecommunication,140026,136665,-3361
15-Aug-23,Textiles,17389,18698,1309
15-Aug-23,Utilities,914,869,-45
15-Aug-23,Sovereign,0,0,0
15-Aug-23,Others,13136,14557,1421
15-Aug-23,Grand Total,5324288,5252150,-72138
15-Aug-24,Automobile and Auto Components,604398,569870,-34528
15-Aug-24,Capital Goods,416645,397601,-19044
15-Aug-24,Chemicals,120612,114357,-6255
15-Aug-24,Construction,151722,139792,-11930
15-Aug-24,Construction Materials,136945,123438,-13507
15-Aug-24,Consumer Durables,218526,214595,-3931
15-Aug-24,Consumer Services,305138,324457,19319
15-Aug-24,Diversified,7659,7150,-509
15-Aug-24,Fast Moving Consumer Goods,455970,449963,-6007
15-Aug-24,Financial Services,2049902,1963394,-86508
15-Aug-24,Forest Materials,4232,3823,-409
15-Aug-24,Healthcare,436667,442228,5561
15-Aug-24,Information Technology,690232,671704,-18528
15-Aug-24,"Media, Entertainment & Publication",15029,14001,-1028
15-Aug-24,Metals & Mining,221118,202608,-18510
15-Aug-24,"Oil, Gas & Consumable Fuels",636462,613719,-22743
15-Aug-24,Power,334459,318605,-15854
15-Aug-24,Realty,164021,152916,-11105
15-Aug-24,Services,162182,150800,-11382
15-Aug-24,Telecommunication,277007,271071,-5936
15-Aug-24,Textiles,21650,20844,-806
15-Aug-24,Utilities,2353,2385,32
15-Aug-24,Sovereign,0,0,0
15-Aug-24,Others,26351,26603,252
15-Aug-24,Grand Total,7459279,7195926,-263353
15-Aug-24,Automobile and Auto Components,337762,346220,8458
31-Aug-23,Capital Goods,203830,222460,18630
31-Aug-23,Chemicals,95381,99100,3719
31-Aug-23,Construction,107371,110354,2983
31-Aug-23,Construction Materials,91521,93610,2089
31-Aug-23,Consumer Durables,181203,188072,6869
31-Aug-23,Consumer Services,137278,145467,8189
31-Aug-23,Diversified,3399,3692,293
31-Aug-23,Fast Moving Consumer Goods,379965,376836,-3129
31-Aug-23,Financial Services,1722837,1753402,30565
31-Aug-23,Forest Materials,2043,2247,204
31-Aug-23,Healthcare,287474,290022,2548
31-Aug-23,Information Technology,513505,520205,6700
31-Aug-23,"Media, Entertainment & Publication",20677,21230,553
31-Aug-23,Metals & Mining,162805,159358,-3447
31-Aug-23,"Oil, Gas & Consumable Fuels",496930,468400,-28530
31-Aug-23,Power,173429,187379,13950
31-Aug-23,Realty,72133,76449,4316
31-Aug-23,Services,93403,95095,1692
31-Aug-23,Telecommunication,136665,135343,-1322
31-Aug-23,Textiles,18698,19278,580
31-Aug-23,Utilities,869,859,-10
31-Aug-23,Sovereign,0,0,0
31-Aug-23,Others,12973,13272,299
31-Aug-23,Grand Total,5252150,5328349,76199
31-Aug-23,Automobile and Auto Components,569870,591671,21801
31-Aug-24,Capital Goods,397601,405929,8328
31-Aug-24,Chemicals,114357,119830,5473
31-Aug-24,Construction,139792,146176,6384
31-Aug-24,Construction Materials,123438,128776,5338
31-Aug-24,Consumer Durables,214595,229429,14834
31-Aug-24,Consumer Services,324457,337305,12848
31-Aug-24,Diversified,7150,7583,433
31-Aug-24,Fast Moving Consumer Goods,449963,469262,19299
31-Aug-24,Financial Services,1963394,2067809,104415
31-Aug-24,Forest Materials,3823,4062,239
31-Aug-24,Healthcare,442228,469978,27750
31-Aug-24,Information Technology,671704,725132,53428
31-Aug-24,"Media, Entertainment & Publication",14001,14340,339
31-Aug-24,Metals & Mining,202608,214893,12285
31-Aug-24,"Oil, Gas & Consumable Fuels",613719,640756,27037
31-Aug-24,Power,318605,321866,3261
31-Aug-24,Realty,152916,157297,4381
31-Aug-24,Services,150800,162985,12185
31-Aug-24,Telecommunication,271071,294527,23456
31-Aug-24,Textiles,20844,22242,1398
31-Aug-24,Utilities,2385,2404,19
31-Aug-24,Sovereign,0,0,0
31-Aug-24,Others,26603,19325,-7278
31-Aug-24,Grand Total,7195926,7553576,357650
31-Aug-24,Automobiles & Auto Components,188896,183909,-4987
31-Aug-24,Total Financial Services,1357048,1322261,-34787
15-Apr-21,Banks,799410,771012,-28398
15-Apr-21,Other Financial Services1,557638,551249,-6389
15-Apr-21,Capital Goods,160050,158813,-1237
15-Apr-21,Chemicals & Petrochemicals,62031,62598,567
15-Apr-21,Coal,5269,5209,-60
15-Apr-21,Commercial Services & Supplies,28209,30068,1859
15-Apr-21,Construction Materials,88136,86407,-1729
15-Apr-21,Consumer Durables,93769,92810,-959
15-Apr-21,Diversified2,9351,9425,74
15-Apr-21,Diversified Consumer Services,3202,2845,-357
15-Apr-21,Food & Drugs Retailing,0,0,0
15-Apr-21,"Food, Beverages & Tobacco",111730,109688,-2042
15-Apr-21,Forest Materials,1359,1302,-57
15-Apr-21,General Industrials,27069,27133,64
15-Apr-21,Hardware Technology & Equipment,43,39,-4
15-Apr-21,Healthcare Equipment & Supplies,1054,1144,90
15-Apr-21,Healthcare Services,43132,45186,2054
15-Apr-21,"Hotels, Restaurants & Tourism",22682,21266,-1416
15-Apr-21,Household & Personal Products,149554,153635,4081
15-Apr-21,Insurance,99581,100352,771
15-Apr-21,Media,20701,19618,-1083
15-Apr-21,Metals & Mining,74858,85339,10481
15-Apr-21,Oil & Gas,392757,384569,-8188
15-Apr-21,Pharmaceuticals & Biotechnology,152231,161761,9530
15-Apr-21,Real Estate Investment,0,0,0
15-Apr-21,Realty,41341,38541,-2800
15-Apr-21,Retailing,57029,58060,1031
15-Apr-21,Software & Services,554810,557647,2837
15-Apr-21,Telecom Services,83312,86894,3582
15-Apr-21,Telecommunications Equipment,103,97,-6
15-Apr-21,"Textiles, Apparels & Accessories",44204,44067,-137
15-Apr-21,Transportation,56275,57295,1020
15-Apr-21,Airlines,11754,11748,-6
15-Apr-21,Logistics,2299,2205,-94
15-Apr-21,Marine Port & Services,26575,28064,1489
15-Apr-21,Roads & Highways,2298,2189,-109
15-Apr-21,Shipping,1029,997,-32
15-Apr-21,Surface Transportation,36,38,2
15-Apr-21,Transport Related Services,8797,8497,-300
15-Apr-21,Airport Services,3488,3558,70
15-Apr-21,Utilities3,106322,105683,-639
15-Apr-21,Sovereign,0,0,0
15-Apr-21,Others4,23684,22489,-1195
15-Apr-21,Grand Total,4059793,4036149,-23644
15-Apr-21,Automobiles & Auto Components,183254,187788,4534
15-Apr-21,Total Financial Services,1366611,1397008,30397
30-Apr-21,Banks,797471,820536,23065
30-Apr-21,Other Financial Services1,569140,576473,7333
30-Apr-21,Capital Goods,142313,146080,3767
30-Apr-21,Chemicals & Petrochemicals,86729,88596,1867
30-Apr-21,Coal,8004,7953,-51
30-Apr-21,Commercial Services & Supplies,44103,48340,4237
30-Apr-21,Construction Materials,76120,81101,4981
15-Apr-22,Consumer Durables,124693,128255,3562
15-Apr-22,Diversified2,16559,16370,-189
15-Apr-22,Diversified Consumer Services,6760,6647,-113
15-Apr-22,Food & Drugs Retailing,365,353,-12
15-Apr-22,"Food, Beverages & Tobacco",127877,136360,8483
15-Apr-22,Forest Materials,2836,2865,29
15-Apr-22,General Industrials,36122,38225,2103
15-Apr-22,Hardware Technology & Equipment,87,90,3
15-Apr-22,Healthcare Equipment & Supplies,1884,1858,-26
15-Apr-22,Healthcare Services,57513,62024,4511
15-Apr-22,"Hotels, Restaurants & Tourism",29349,30196,847
15-Apr-22,Household & Personal Products,132967,139767,6800
15-Apr-22,Insurance,96512,101052,4540
15-Apr-22,Media,20775,19667,-1108
15-Apr-22,Metals & Mining,126792,129292,2500
15-Apr-22,Oil & Gas,533125,532586,-539
15-Apr-22,Pharmaceuticals & Biotechnology,161649,165675,4026
15-Apr-22,Real Estate Investment,0,0,0
15-Apr-22,Realty,60751,60843,92
15-Apr-22,Retailing,80601,83506,2905
15-Apr-22,Software & Services,689838,655965,-33873
15-Apr-22,Telecom Services,118186,117487,-699
15-Apr-22,Telecommunications Equipment,779,789,10
15-Apr-22,"Textiles, Apparels & Accessories",75713,75910,197
15-Apr-22,Transportation,60647,63203,2556
15-Apr-22,Airlines,13772,12961,-811
15-Apr-22,Logistics,3161,3297,136
15-Apr-22,Marine Port & Services,24158,26794,2636
15-Apr-22,Roads & Highways,2067,2084,17
15-Apr-22,Shipping,1413,1510,97
15-Apr-22,Surface Transportation,124,142,18
15-Apr-22,Transport Related Services,9787,9915,128
15-Apr-22,Airport Services,6164,6500,336
15-Apr-22,Utilities3,208308,250902,42594
15-Apr-22,Sovereign,0,0,0
15-Apr-22,Others4,12693,12385,-308
15-Apr-22,Grand Total,4690514,4789140,98626
30-Apr-21,Automobiles & Auto Components,183909,181702,-2207
30-Apr-21,Total Financial Services,1322261,1326403,4142
30-Apr-21,Banks,771012,779266,8254
30-Apr-21,Other Financial Services1,551249,547137,-4112
30-Apr-21,Capital Goods,158813,154076,-4737
30-Apr-21,Chemicals & Petrochemicals,62598,65435,2837
30-Apr-21,Coal,5209,5416,207
30-Apr-21,Commercial Services & Supplies,30068,30368,300
30-Apr-21,Construction Materials,86407,83912,-2495
30-Apr-21,Consumer Durables,92810,92560,-250
30-Apr-21,Diversified2,9425,9946,521
30-Apr-21,Diversified Consumer Services,2845,2784,-61
30-Apr-21,Food & Drugs Retailing,0,0,0
30-Apr-21,"Food, Beverages & Tobacco",109688,108694,-994
30-Apr-21,Forest Materials,1302,1408,106
30-Apr-21,General Industrials,27133,28854,1721
30-Apr-21,Hardware Technology & Equipment,39,39,0
30-Apr-21,Healthcare Equipment & Supplies,1144,1326,182
30-Apr-21,Healthcare Services,45186,46607,1421
30-Apr-21,"Hotels, Restaurants & Tourism",21266,22823,1557
30-Apr-21,Household & Personal Products,153635,148088,-5547
30-Apr-21,Insurance,100352,101313,961
30-Apr-21,Media,19618,19909,291
30-Apr-21,Metals & Mining,85339,92968,7629
30-Apr-21,Oil & Gas,384569,393319,8750
30-Apr-21,Pharmaceuticals & Biotechnology,161761,167954,6193
30-Apr-21,Real Estate Investment,0,0,0
30-Apr-21,Realty,38541,40049,1508
30-Apr-21,Retailing,58060,59408,1348
30-Apr-21,Software & Services,557647,545666,-11981
30-Apr-21,Telecom Services,86894,86822,-72
30-Apr-21,Telecommunications Equipment,97,102,5
30-Apr-21,"Textiles, Apparels & Accessories",44067,43302,-765
30-Apr-21,Transportation,57295,56686,-609
30-Apr-21,Airlines,11748,12078,330
30-Apr-21,Logistics,2205,2302,97
30-Apr-21,Marine Port & Services,28064,26579,-1485
30-Apr-21,Roads & Highways,2189,2353,164
30-Apr-21,Shipping,997,1070,73
30-Apr-21,Surface Transportation,38,40,2
30-Apr-21,Transport Related Services,8497,8821,324
30-Apr-21,Airport Services,3558,3442,-116
30-Apr-21,Utilities3,105683,111444,5761
30-Apr-21,Sovereign,0,0,0
30-Apr-21,Others4,22489,22892,403
30-Apr-21,Grand Total,4036149,4052276,16127
30-Apr-22,Automobile and Auto Components,213549,221576,8027
30-Apr-22,Capital Goods,100304,97186,-3118
30-Apr-22,Chemicals,104546,102913,-1633
30-Apr-22,Construction,60848,57832,-3016
30-Apr-22,Construction Materials,80950,79797,-1153
30-Apr-22,Consumer Durables,180845,182883,2038
30-Apr-22,Consumer Services,102673,110503,7830
30-Apr-22,Diversified,1644,1608,-36
30-Apr-22,Fast Moving Consumer Goods,275481,277854,2373
30-Apr-22,Financial Services,1504245,1423537,-80708
30-Apr-22,Forest Materials,1298,1229,-69
30-Apr-22,Healthcare,229507,226067,-3440
30-Apr-22,Information Technology,647882,591906,-55976
30-Apr-22,"Media, Entertainment & Publication",25197,22075,-3122
30-Apr-22,Metals & Mining,169554,162166,-7388
30-Apr-22,"Oil, Gas & Consumable Fuels",557377,588240,30863
30-Apr-22,Power,233640,237667,4027
30-Apr-22,Realty,60388,57853,-2535
30-Apr-22,Services,75728,74645,-1083
30-Apr-22,Telecommunication,118037,115643,-2394
30-Apr-22,Textiles,21772,21635,-137
30-Apr-22,Utilities,429,413,-16
30-Apr-22,Sovereign,0,0,0
30-Apr-22,Others,23244,11227,-12017
15-Apr-20,Grand Total,4789140,4666454,-122686
15-Apr-20,Automobiles & Auto Components,88463,99970,11507
15-Apr-20,Total Financial Services,709218,702001,-7217
15-Apr-20,Banks,411179,408631,-2548
15-Apr-20,Other Financial Services1,298039,293370,-4669
15-Apr-20,Capital Goods,56250,61147,4897
15-Apr-20,Chemicals & Petrochemicals,30178,32913,2735
15-Apr-20,Coal,7132,7407,275
15-Apr-20,Commercial Services & Supplies,5471,5770,299
15-Apr-20,Construction Materials,38797,41714,2917
15-Apr-20,Consumer Durables,45909,47189,1280
15-Apr-20,Diversified2,4594,5212,618
15-Apr-20,Diversified Consumer Services,1900,1917,17
15-Apr-20,Food & Drugs Retailing,0,0,0
15-Apr-20,"Food, Beverages & Tobacco",84126,92511,8385
15-Apr-20,Forest Materials,560,615,55
15-Apr-20,General Industrials,9441,9807,366
15-Apr-20,Hardware Technology & Equipment,29,37,8
15-Apr-20,Healthcare Equipment & Supplies,61,60,-1
15-Apr-20,Healthcare Services,16474,17925,1451
15-Apr-20,"Hotels, Restaurants & Tourism",9271,9013,-258
15-Apr-20,Household & Personal Products,105308,116587,11279
15-Apr-20,Insurance,57078,60088,3010
15-Apr-20,Media,12257,13442,1185
15-Apr-20,Metals & Mining,22566,25241,2675
15-Apr-20,Oil & Gas,206943,216076,9133
15-Apr-20,Pharmaceuticals & Biotechnology,89291,108937,19646
15-Apr-20,Real Estate Investment,0,0,0
15-Apr-20,Realty,19275,19557,282
15-Apr-20,Retailing,31849,32787,938
15-Apr-20,Software & Services,273198,269960,-3238
15-Apr-20,Telecom Services,65166,74853,9687
15-Apr-20,Telecommunications Equipment,79,92,13
15-Apr-20,"Textiles, Apparels & Accessories",27978,28250,272
15-Apr-20,Transportation,25338,26685,1347
15-Apr-20,Airlines,5634,5314,-320
15-Apr-20,Logistics,1058,1146,88
15-Apr-20,Marine Port & Services,9573,9998,425
15-Apr-20,Roads & Highways,827,1037,210
15-Apr-20,Shipping,811,773,-38
15-Apr-20,Surface Transportation,27,25,-2
15-Apr-20,Transport Related Services,5432,6316,884
30-Apr-20,Airport Services,1976,2075,99
30-Apr-20,Utilities3,62130,65851,3721
30-Apr-20,Sovereign,0,0,0
30-Apr-20,Others4,11238,11207,-31
30-Apr-20,Grand Total,2117566,2204823,87257
30-Apr-20,Automobiles & Auto Components,99970,107705,7735
30-Apr-20,Total Financial Services,702001,804814,102813
30-Apr-20,Banks,408631,465367,56736
30-Apr-20,Other Financial Services1,293370,339448,46078
30-Apr-20,Capital Goods,61147,64930,3783
30-Apr-20,Chemicals & Petrochemicals,32913,36390,3477
30-Apr-20,Coal,7407,7347,-60
30-Apr-20,Commercial Services & Supplies,5770,5505,-265
30-Apr-20,Construction Materials,41714,41484,-230
30-Apr-20,Consumer Durables,47189,48798,1609
30-Apr-20,Diversified2,5212,5552,340
30-Apr-20,Diversified Consumer Services,1917,1920,3
30-Apr-20,Food & Drugs Retailing,0,0,0
30-Apr-20,"Food, Beverages & Tobacco",92511,91587,-924
30-Apr-20,Forest Materials,615,659,44
30-Apr-20,General Industrials,9807,11062,1255
30-Apr-20,Hardware Technology & Equipment,37,40,3
30-Apr-20,Healthcare Equipment & Supplies,60,54,-6
30-Apr-20,Healthcare Services,17925,18877,952
30-Apr-20,"Hotels, Restaurants & Tourism",9013,9812,799
30-Apr-20,Household & Personal Products,116587,110506,-6081
30-Apr-20,Insurance,60088,65313,5225
30-Apr-20,Media,13442,15893,2451
30-Apr-20,Metals & Mining,25241,26959,1718
30-Apr-20,Oil & Gas,216076,267661,51585
30-Apr-20,Pharmaceuticals & Biotechnology,108937,112611,3674
30-Apr-20,Real Estate Investment,0,0,0
30-Apr-20,Realty,19557,20337,780
30-Apr-20,Retailing,32787,35185,2398
30-Apr-20,Software & Services,269960,301304,31344
30-Apr-20,Telecom Services,74853,75452,599
30-Apr-20,Telecommunications Equipment,92,91,-1
30-Apr-20,"Textiles, Apparels & Accessories",28250,28683,433
30-Apr-20,Transportation,26685,27125,440
30-Apr-20,Airlines,5314,5091,-223
30-Apr-20,Logistics,1146,1145,-1
15-Aug-22,Marine Port & Services,9998,10659,661
15-Aug-22,Roads & Highways,1037,1041,4
15-Aug-22,Shipping,773,912,139
15-Aug-22,Surface Transportation,25,24,-1
15-Aug-22,Transport Related Services,6316,6148,-168
15-Aug-22,Airport Services,2075,2104,29
15-Aug-22,Utilities3,65851,68215,2364
15-Aug-22,Sovereign,0,0,0
15-Aug-22,Others4,11207,11138,-69
15-Aug-22,Grand Total,2204823,2423008,218185
15-Aug-22,Automobile and Auto Components,246894,256873,9979
15-Aug-22,Capital Goods,104987,112090,7103
15-Aug-22,Chemicals,99210,105521,6311
15-Aug-22,Construction,59317,61511,2194
15-Aug-22,Construction Materials,71951,73835,1884
15-Aug-22,Consumer Durables,167725,174196,6471
15-Aug-22,Consumer Services,103088,112456,9368
15-Aug-22,Diversified,1609,1608,-1
15-Aug-22,Fast Moving Consumer Goods,303776,306271,2495
15-Aug-22,Financial Services,1442606,1499934,57328
15-Aug-22,Forest Materials,1330,1534,204
15-Aug-22,Healthcare,208520,210790,2270
15-Aug-22,Information Technology,523255,539161,15906
15-Aug-22,"Media, Entertainment & Publication",22028,22007,-21
15-Aug-22,Metals & Mining,134069,145083,11014
31-Aug-22,"Oil, Gas & Consumable Fuels",537275,563771,26496
31-Aug-22,Power,223753,240660,16907
31-Aug-22,Realty,57943,56602,-1341
31-Aug-22,Services,74405,76271,1866
31-Aug-22,Telecommunication,107869,110564,2695
31-Aug-22,Textiles,20812,21007,195
31-Aug-22,Utilities,362,375,13
31-Aug-22,Sovereign,0,0,0
31-Aug-22,Others,9674,9782,108
31-Aug-22,Grand Total,4522458,4701902,179444
31-Aug-22,Automobile and Auto Components,256873,265918,9045
31-Aug-22,Capital Goods,112090,117775,5685
31-Aug-22,Chemicals,105521,107663,2142
31-Aug-22,Construction,61511,64691,3180
31-Aug-22,Construction Materials,73835,75929,2094
31-Aug-22,Consumer Durables,174196,179276,5080
31-Aug-22,Consumer Services,112456,116387,3931
31-Aug-22,Diversified,1608,1658,50
31-Aug-22,Fast Moving Consumer Goods,306271,317335,11064
31-Aug-22,Financial Services,1499934,1519470,19536
31-Aug-22,Forest Materials,1534,1666,132
31-Aug-22,Healthcare,210790,219816,9026
31-Aug-22,Information Technology,539161,511536,-27625
31-Aug-22,"Media, Entertainment & Publication",22007,22254,247
31-Aug-22,Metals & Mining,145083,150326,5243
31-Aug-22,"Oil, Gas & Consumable Fuels",563771,572737,8966
31-Aug-22,Power,240660,263278,22618
31-Aug-22,Realty,56602,59419,2817
31-Aug-22,Services,76271,79154,2883
31-Aug-22,Telecommunication,110564,115523,4959
31-Aug-22,Textiles,21007,21706,699
31-Aug-22,Utilities,375,393,18
31-Aug-22,Sovereign,0,0,0
31-Aug-22,Others,9782,10187,405
31-Aug-22,Grand Total,4701902,4794095,92193
15-Aug-20,Automobiles & Auto Components,138290,144407,6117
15-Aug-20,Total Financial Services,825974,850076,24102
15-Aug-20,Banks,480327,492200,11873
15-Aug-20,Other Financial Services1,345647,357876,12229
15-Aug-20,Capital Goods,73477,79418,5941
15-Aug-20,Chemicals & Petrochemicals,39467,40612,1145
15-Aug-20,Coal,6053,6166,113
15-Aug-20,Commercial Services & Supplies,6654,7573,919
15-Aug-20,Construction Materials,48521,47747,-774
15-Aug-20,Consumer Durables,52118,54930,2812
15-Aug-20,Diversified2,5538,5942,404
15-Aug-20,Diversified Consumer Services,1989,2089,100
15-Aug-20,Food & Drugs Retailing,0,1,1
15-Aug-20,"Food, Beverages & Tobacco",98194,102021,3827
15-Aug-20,Forest Materials,1113,1147,34
15-Aug-20,General Industrials,13335,15204,1869
15-Aug-20,Hardware Technology & Equipment,43,44,1
15-Aug-20,Healthcare Equipment & Supplies,82,82,0
15-Aug-20,Healthcare Services,22521,22817,296
15-Aug-20,"Hotels, Restaurants & Tourism",10824,12096,1272
15-Aug-20,Household & Personal Products,131921,130629,-1292
15-Aug-20,Insurance,85088,81196,-3892
15-Aug-20,Media,14944,16722,1778
15-Aug-20,Metals & Mining,32721,37758,5037
15-Aug-20,Oil & Gas,372265,381051,8786
15-Aug-20,Pharmaceuticals & Biotechnology,139557,146016,6459
15-Aug-20,Real Estate Investment,0,0,0
15-Aug-20,Realty,21845,22714,869
15-Aug-20,Retailing,38007,40908,2901
15-Aug-20,Software & Services,378020,376658,-1362
15-Aug-20,Telecom Services,82474,80284,-2190
15-Aug-20,Telecommunications Equipment,91,105,14
15-Aug-20,"Textiles, Apparels & Accessories",29236,30444,1208
15-Aug-20,Transportation,30321,31344,1023
15-Aug-20,Airlines,5383,6232,849
15-Aug-20,Logistics,1187,1191,4
31-Aug-20,Marine Port & Services,11485,12750,1265
31-Aug-20,Roads & Highways,1332,1467,135
31-Aug-20,Shipping,853,940,87
31-Aug-20,Surface Transportation,23,27,4
31-Aug-20,Transport Related Services,7348,6096,-1252
31-Aug-20,Airport Services,2709,2640,-69
31-Aug-20,Utilities3,65913,66491,578
31-Aug-20,Sovereign,0,0,0
31-Aug-20,Others4,22097,21293,-804
31-Aug-20,Grand Total,2788693,2855983,67290
31-Aug-20,Automobiles & Auto Components,191015,191800,785
31-Aug-20,Total Financial Services,1396742,1471517,74775
31-Aug-20,Banks,802059,846317,44258
31-Aug-20,Other Financial Services1,594683,625201,30518
31-Aug-20,Capital Goods,150962,154214,3252
31-Aug-20,Chemicals & Petrochemicals,82703,82471,-232
31-Aug-20,Coal,5865,5890,25
31-Aug-20,Commercial Services & Supplies,37887,38267,380
31-Aug-20,Construction Materials,100142,96414,-3728
31-Aug-20,Consumer Durables,128050,128953,903
31-Aug-20,Diversified2,13507,14350,843
31-Aug-20,Diversified Consumer Services,3648,3462,-186
31-Aug-20,Food & Drugs Retailing,4,3,-1
31-Aug-20,"Food, Beverages & Tobacco",114964,118037,3073
31-Aug-20,Forest Materials,2076,2022,-54
31-Aug-20,General Industrials,37741,37163,-578
31-Aug-20,Hardware Technology & Equipment,35,45,10
31-Aug-20,Healthcare Equipment & Supplies,1451,1355,-96
31-Aug-20,Healthcare Services,56871,57384,513
31-Aug-20,"Hotels, Restaurants & Tourism",30167,31058,891
31-Aug-20,Household & Personal Products,165211,166496,1285
31-Aug-20,Insurance,115366,115465,99
31-Aug-20,Media,19776,18511,-1265
31-Aug-20,Metals & Mining,115448,115314,-134
31-Aug-20,Oil & Gas,394264,411414,17150
31-Aug-20,Pharmaceuticals & Biotechnology,180700,178810,-1890
31-Aug-20,Real Estate Investment,0,0,0
31-Aug-20,Realty,50794,50281,-513
31-Aug-20,Retailing,76012,77471,1459
31-Aug-20,Software & Services,625884,672046,46162
15-Dec-23,Telecom Services,87189,95341,8152
15-Dec-23,Telecommunications Equipment,306,273,-33
15-Dec-23,"Textiles, Apparels & Accessories",51330,53349,2019
15-Dec-23,Transportation,55869,56868,999
15-Dec-23,Airlines,12255,12430,175
15-Dec-23,Logistics,3154,3106,-48
15-Dec-23,Marine Port & Services,22319,22990,671
15-Dec-23,Roads & Highways,2631,2528,-103
15-Dec-23,Shipping,1295,1146,-149
15-Dec-23,Surface Transportation,88,87,-1
15-Dec-23,Transport Related Services,9755,10275,520
15-Dec-23,Airport Services,4372,4306,-66
15-Dec-23,Utilities3,109509,122217,12708
15-Dec-23,Sovereign,0,0,0
15-Dec-23,Others4,27929,27559,-370
15-Dec-23,Grand Total,4429417,4595821,166404
15-Dec-23,Automobiles & Auto Components,128642,147992,19350
15-Dec-23,Total Financial Services,850096,920984,70888
15-Dec-23,Banks,492200,550692,58492
15-Dec-23,Other Financial Services1,357896,370292,12396
15-Dec-23,Capital Goods,79413,83731,4318
15-Dec-23,Chemicals & Petrochemicals,40612,42126,1514
15-Dec-23,Coal,6166,6341,175
15-Dec-23,Commercial Services & Supplies,7573,9382,1809
15-Dec-23,Construction Materials,47747,46750,-997
15-Dec-24,Consumer Durables,54930,58584,3654
15-Dec-24,Diversified2,5942,5876,-66
15-Dec-24,Diversified Consumer Services,2089,2276,187
15-Dec-24,Food & Drugs Retailing,1,1,0
15-Dec-24,"Food, Beverages & Tobacco",102021,99335,-2686
15-Dec-24,Forest Materials,1147,1144,-3
15-Dec-24,General Industrials,15204,15998,794
15-Dec-24,Hardware Technology & Equipment,44,45,1
15-Dec-24,Healthcare Equipment & Supplies,82,81,-1
15-Dec-24,Healthcare Services,22916,23212,296
15-Dec-24,"Hotels, Restaurants & Tourism",12096,13573,1477
15-Dec-24,Household & Personal Products,130629,126500,-4129
15-Dec-24,Insurance,81196,79269,-1927
15-Dec-24,Media,16722,20498,3776
15-Dec-24,Metals & Mining,37758,38963,1205
15-Dec-24,Oil & Gas,381051,375625,-5426
15-Dec-24,Pharmaceuticals & Biotechnology,146016,140435,-5581
15-Dec-24,Real Estate Investment,0,0,0
15-Dec-24,Realty,22714,25567,2853
15-Dec-24,Retailing,40908,43299,2391
15-Dec-24,Software & Services,376658,374865,-1793
15-Dec-24,Telecom Services,80284,78933,-1351
15-Dec-24,Telecommunications Equipment,105,106,1
15-Dec-24,"Textiles, Apparels & Accessories",30444,30692,248
15-Dec-24,Transportation,31344,32838,1494
31-Dec-23,Airlines,6232,6714,482
31-Dec-23,Logistics,1191,1402,211
31-Dec-23,Marine Port & Services,12750,13141,391
31-Dec-23,Roads & Highways,1467,1481,14
31-Dec-23,Shipping,940,911,-29
31-Dec-23,Surface Transportation,27,27,0
31-Dec-23,Transport Related Services,6096,6196,100
31-Dec-23,Airport Services,2640,2966,326
31-Dec-23,Utilities3,66491,68803,2312
31-Aug-20,Sovereign,0,0,0
31-Aug-20,Others4,36944,21466,-15478
31-Aug-20,Grand Total,2855983,2935288,79305
31-Aug-21,Automobiles & Auto Components,191800,190014,-1786
31-Aug-21,Total Financial Services,1471517,1523088,51571
31-Aug-21,Banks,846317,852223,5906
31-Aug-21,Other Financial Services1,625201,670865,45664
31-Aug-21,Capital Goods,154214,158995,4781
31-Aug-21,Chemicals & Petrochemicals,82471,82820,349
31-Aug-21,Coal,5890,5908,18
31-Aug-21,Commercial Services & Supplies,38267,40125,1858
31-Aug-21,Construction Materials,96414,102261,5847
31-Aug-21,Consumer Durables,128953,135077,6124
31-Aug-21,Diversified2,14350,15694,1344
31-Aug-21,Diversified Consumer Services,3462,3540,78
31-Aug-21,Food & Drugs Retailing,3,4,1
31-Aug-21,"Food, Beverages & Tobacco",118037,123734,5697
31-Aug-21,Forest Materials,2022,1889,-133
31-Aug-21,General Industrials,37163,37682,519
31-Aug-21,Hardware Technology & Equipment,45,51,6
31-Aug-21,Healthcare Equipment & Supplies,1355,1444,89
31-Aug-21,Healthcare Services,57384,67352,9968
31-Aug-21,"Hotels, Restaurants & Tourism",31058,32456,1398
31-Aug-21,Household & Personal Products,166496,184167,17671
31-Aug-21,Insurance,115465,121569,6104
31-Aug-21,Media,18511,17470,-1041
31-Aug-21,Metals & Mining,115314,112432,-2882
31-Aug-21,Oil & Gas,411414,457790,46376
31-Aug-21,Pharmaceuticals & Biotechnology,178810,177865,-945
31-Aug-21,Real Estate Investment,0,0,0
31-Aug-21,Realty,50281,49798,-483
31-Aug-21,Retailing,77471,85585,8114
31-Aug-21,Software & Services,672046,702454,30408
31-Aug-21,Telecom Services,95341,98173,2832
31-Aug-21,Telecommunications Equipment,273,298,25
31-Aug-21,"Textiles, Apparels & Accessories",53349,54406,1057
31-Aug-21,Transportation,56868,61009,4141
31-Aug-21,Airlines,12430,14203,1773
31-Aug-21,Logistics,3106,3223,117
31-Aug-21,Marine Port & Services,22990,24509,1519
31-Aug-21,Roads & Highways,2528,2545,17
31-Aug-21,Shipping,1146,1262,116
31-Aug-21,Surface Transportation,87,81,-6
31-Aug-21,Transport Related Services,10275,10654,379
31-Aug-21,Airport Services,4306,4531,225
31-Aug-21,Utilities3,122217,136793,14576
31-Aug-21,Sovereign,0,0,0
31-Aug-21,Others4,27559,7973,-19586
31-Aug-21,Grand Total,4595821,4789916,194095
15-Dec-23,Automobile and Auto Components,384535,399156,14621
15-Dec-23,Capital Goods,248334,262951,14617
15-Dec-23,Chemicals,97452,101060,3608
15-Dec-23,Construction,120842,135702,14860
15-Dec-23,Construction Materials,101524,114004,12480
15-Dec-23,Consumer Durables,190902,197054,6152
15-Dec-23,Consumer Services,170760,181871,11111
15-Dec-23,Diversified,3894,4010,116
15-Dec-23,Fast Moving Consumer Goods,388673,396010,7337
15-Dec-23,Financial Services,1801596,1941167,139571
15-Dec-23,Forest Materials,2551,2566,15
15-Dec-23,Healthcare,317402,322262,4860
15-Dec-23,Information Technology,548415,602397,53982
15-Dec-23,"Media, Entertainment & Publication",19503,19242,-261
15-Dec-23,Metals & Mining,161412,182300,20888
15-Dec-23,"Oil, Gas & Consumable Fuels",472586,497284,24698
15-Dec-23,Power,201661,245237,43576
15-Dec-23,Realty,99153,106470,7317
15-Dec-23,Services,95557,109971,14414
15-Dec-23,Telecommunication,158064,159541,1477
15-Dec-23,Textiles,19152,19382,230
15-Dec-23,Utilities,1021,1109,88
15-Dec-23,Sovereign,0,0,0
15-Dec-23,Others,18338,18495,157
15-Dec-23,Grand Total,5623328,6019242,395914
15-Dec-24,Automobile and Auto Components,521496,526851,5355
15-Dec-24,Capital Goods,394142,410783,16641
15-Dec-24,Chemicals,116909,119064,2155
15-Dec-24,Construction,140878,148280,7402
15-Dec-24,Construction Materials,118249,125672,7423
15-Dec-24,Consumer Durables,215814,224785,8971
15-Dec-24,Consumer Services,332209,347250,15041
15-Dec-24,Diversified,7340,7652,312
15-Dec-24,Fast Moving Consumer Goods,421944,412983,-8961
15-Dec-24,Financial Services,2080522,2160433,79911
15-Dec-24,Forest Materials,4354,4478,124
15-Dec-24,Healthcare,481947,492833,10886
15-Dec-24,Information Technology,714024,767699,53675
15-Dec-24,"Media, Entertainment & Publication",13689,13557,-132
15-Dec-24,Metals & Mining,201724,211366,9642
15-Dec-24,"Oil, Gas & Consumable Fuels",504606,494622,-9984
15-Dec-24,Power,284054,282933,-1121
15-Dec-24,Realty,158843,174609,15766
15-Dec-24,Services,138742,144261,5519
15-Dec-24,Telecommunication,279231,288097,8866
15-Dec-24,Textiles,24880,27545,2665
15-Dec-24,Utilities,3460,3644,184
15-Dec-24,Sovereign,0,0,0
15-Dec-24,Others,28935,33757,4822
15-Dec-24,Grand Total,7187992,7423155,235163
31-Dec-23,Automobile and Auto Components,399156,411001,11845
31-Dec-23,Capital Goods,262951,270580,7629
31-Dec-23,Chemicals,101060,103541,2481
31-Dec-23,Construction,135702,137915,2213
31-Dec-23,Construction Materials,114004,117638,3634
31-Dec-23,Consumer Durables,197054,203322,6268
31-Dec-23,Consumer Services,181871,183131,1260
31-Dec-23,Diversified,4010,4560,550
31-Dec-23,Fast Moving Consumer Goods,396010,419522,23512
31-Dec-23,Financial Services,1941167,1947278,6111
31-Dec-23,Forest Materials,2566,2639,73
31-Dec-23,Healthcare,322262,333871,11609
31-Dec-23,Information Technology,602397,600018,-2379
31-Dec-23,"Media, Entertainment & Publication",19242,19058,-184
31-Dec-23,Metals & Mining,182300,188163,5863
31-Dec-23,"Oil, Gas & Consumable Fuels",497284,519314,22030
31-Dec-23,Power,245237,248719,3482
31-Dec-23,Realty,106470,108114,1644
31-Dec-23,Services,109971,110353,382
31-Dec-23,Telecommunication,159541,164846,5305
31-Dec-23,Textiles,19382,19261,-121
31-Dec-23,Utilities,1109,1102,-7
31-Dec-23,Sovereign,0,0,0
31-Dec-23,Others,18495,18210,-285
31-Dec-23,Grand Total,6019242,6132155,112913
31-Dec-24,Automobile and Auto Components,526851,505062,-21789
31-Dec-24,Capital Goods,410783,386345,-24438
31-Dec-24,Chemicals,119064,112261,-6803
31-Dec-24,Construction,148280,139955,-8325
31-Dec-24,Construction Materials,125672,117666,-8006
31-Dec-24,Consumer Durables,224785,218756,-6029
31-Dec-24,Consumer Services,347250,344723,-2527
31-Dec-24,Diversified,7652,7626,-26
31-Dec-24,Fast Moving Consumer Goods,412983,408978,-4005
31-Dec-24,Financial Services,2160433,2049709,-110724
31-Dec-24,Forest Materials,4478,4153,-325
31-Dec-24,Healthcare,492833,507781,14948
31-Dec-24,Information Technology,767699,729200,-38499
31-Dec-24,"Media, Entertainment & Publication",13557,12731,-826
31-Dec-24,Metals & Mining,211366,195062,-16304
31-Dec-24,"Oil, Gas & Consumable Fuels",494622,469976,-24646
31-Dec-24,Power,282933,262170,-20763
31-Dec-24,Realty,174609,170007,-4602
31-Dec-24,Services,144261,142879,-1382
31-Dec-24,Telecommunication,288097,272674,-15423
31-Dec-24,Textiles,27545,27119,-426
31-Dec-24,Utilities,3644,3490,-154
31-Dec-24,Sovereign,0,0,0
31-Dec-24,Others,33757,31116,-2641
31-Dec-24,Grand Total,7423155,7119441,-303714
15-Dec-20,Automobiles & Auto Components,169610,179062,9452
15-Dec-20,Total Financial Services,1205623,1258708,53085
15-Dec-20,Banks,729689,757997,28308
15-Dec-20,Other Financial Services1,475934,500711,24777
15-Dec-20,Capital Goods,126250,131248,4998
15-Dec-20,Chemicals & Petrochemicals,45012,48202,3190
15-Dec-20,Coal,5019,5700,681
15-Dec-20,Commercial Services & Supplies,12438,14033,1595
15-Dec-20,Construction Materials,60660,63269,2609
15-Dec-20,Consumer Durables,74817,84334,9517
15-Dec-20,Diversified2,8129,8451,322
15-Dec-20,Diversified Consumer Services,2566,2669,103
15-Dec-20,Food & Drugs Retailing,0,0,0
15-Dec-20,"Food, Beverages & Tobacco",103109,112100,8991
15-Dec-20,Forest Materials,1057,1169,112
15-Dec-20,General Industrials,19950,20202,252
15-Dec-20,Hardware Technology & Equipment,40,44,4
15-Dec-20,Healthcare Equipment & Supplies,142,177,35
15-Dec-20,Healthcare Services,32706,32991,285
15-Dec-20,"Hotels, Restaurants & Tourism",16502,19722,3220
15-Dec-20,Household & Personal Products,131816,141879,10063
15-Dec-20,Insurance,86508,89584,3076
15-Dec-20,Media,18037,21056,3019
15-Dec-20,Metals & Mining,46604,54212,7608
15-Dec-20,Oil & Gas,356750,368355,11605
15-Dec-20,Pharmaceuticals & Biotechnology,157320,166808,9488
15-Dec-20,Real Estate Investment,0,0,0
15-Dec-20,Realty,29159,32457,3298
15-Dec-20,Retailing,49746,55005,5259
15-Dec-20,Software & Services,454506,475959,21453
15-Dec-20,Telecom Services,70913,72373,1460
15-Dec-20,Telecommunications Equipment,62,80,18
15-Dec-20,"Textiles, Apparels & Accessories",36620,39659,3039
15-Dec-20,Transportation,38935,43124,4189
15-Dec-20,Airlines,9911,11101,1190
15-Dec-20,Logistics,1611,1709,98
15-Dec-20,Marine Port & Services,15645,18148,2503
15-Dec-20,Roads & Highways,1449,1496,47
15-Dec-20,Shipping,904,1033,129
15-Dec-20,Surface Transportation,31,32,1
15-Dec-20,Transport Related Services,5977,5890,-87
15-Dec-20,Airport Services,3407,3715,308
15-Dec-20,Utilities3,77075,83183,6108
15-Dec-20,Sovereign,0,0,0
15-Dec-20,Others4,19782,21479,1697
15-Dec-20,Grand Total,3457463,3647293,189830
15-Dec-21,Automobiles & Auto Components,193073,197986,4913
15-Dec-21,Total Financial Services,1464427,1478997,14570
15-Dec-21,Banks,818524,831304,12780
15-Dec-21,Other Financial Services1,645902,647693,1791
15-Dec-21,Capital Goods,143802,153151,9349
15-Dec-21,Chemicals & Petrochemicals,77316,82979,5663
15-Dec-21,Coal,6608,6027,-581
15-Dec-21,Commercial Services & Supplies,38388,39022,634
15-Dec-21,Construction Materials,93099,93539,440
15-Dec-21,Consumer Durables,138556,140852,2296
15-Dec-21,Diversified2,12688,13427,739
15-Dec-21,Diversified Consumer Services,6997,6806,-191
15-Dec-21,Food & Drugs Retailing,3,4,1
15-Dec-21,"Food, Beverages & Tobacco",124262,123888,-374
15-Dec-21,Forest Materials,2059,2211,152
15-Dec-21,General Industrials,38823,41306,2483
15-Dec-21,Hardware Technology & Equipment,76,78,2
15-Dec-21,Healthcare Equipment & Supplies,1894,1766,-128
15-Dec-21,Healthcare Services,74094,69480,-4614
15-Dec-21,"Hotels, Restaurants & Tourism",34343,36161,1818
15-Dec-21,Household & Personal Products,159288,156191,-3097
15-Dec-21,Insurance,113335,116973,3638
15-Dec-21,Media,23300,26270,2970
15-Dec-21,Metals & Mining,93596,100435,6839
15-Dec-21,Oil & Gas,479683,500029,20346
15-Dec-21,Pharmaceuticals & Biotechnology,166055,161627,-4428
15-Dec-21,Real Estate Investment,0,0,0
15-Dec-21,Realty,66266,67954,1688
15-Dec-21,Retailing,110919,104198,-6721
15-Dec-21,Software & Services,684150,694336,10186
15-Dec-21,Telecom Services,120528,115156,-5372
15-Dec-21,Telecommunications Equipment,515,965,450
15-Dec-21,"Textiles, Apparels & Accessories",71147,71457,310
15-Dec-21,Transportation,58798,62244,3446
15-Dec-21,Airlines,13654,14017,363
15-Dec-21,Logistics,3461,3549,88
15-Dec-21,Marine Port & Services,21967,23877,1910
15-Dec-21,Roads & Highways,2476,2479,3
15-Dec-21,Shipping,1253,1291,38
15-Dec-21,Surface Transportation,150,158,8
15-Dec-21,Transport Related Services,9622,9867,245
15-Dec-21,Airport Services,6215,7005,790
15-Dec-21,Utilities3,171688,177635,5947
15-Dec-21,Sovereign,0,0,0
15-Dec-21,Others4,28125,18597,-9528
15-Dec-21,Grand Total,4797902,4861746,63844
15-Dec-22,Automobile and Auto Components,271908,265434,-6474
15-Dec-22,Capital Goods,129454,133992,4538
15-Dec-22,Chemicals,105523,104792,-731
15-Dec-22,Construction,73356,78181,4825
15-Dec-22,Construction Materials,84868,86122,1254
15-Dec-22,Consumer Durables,169845,164520,-5325
15-Dec-22,Consumer Services,118749,121270,2521
15-Dec-22,Diversified,1583,1588,5
15-Dec-22,Fast Moving Consumer Goods,333231,338180,4949
15-Dec-22,Financial Services,1612810,1611737,-1073
15-Dec-22,Forest Materials,1903,1863,-40
15-Dec-22,Healthcare,241739,236566,-5173
15-Dec-22,Information Technology,534674,514985,-19689
15-Dec-22,"Media, Entertainment & Publication",22560,22046,-514
15-Dec-22,Metals & Mining,167640,173394,5754
15-Dec-22,"Oil, Gas & Consumable Fuels",583358,558113,-25245
15-Dec-22,Power,226118,214686,-11432
15-Dec-22,Realty,55488,58522,3034
15-Dec-22,Services,81236,82114,878
15-Dec-22,Telecommunication,133294,130036,-3258
15-Dec-22,Textiles,20833,20056,-777
15-Dec-22,Utilities,620,638,18
15-Dec-22,Sovereign,0,0,0
15-Dec-22,Others,15690,11709,-3981
15-Dec-22,Grand Total,4986480,4930543,-55937
31-Dec-20,Automobiles & Auto Components,179062,180952,1890
31-Dec-20,Total Financial Services,1258708,1317036,58328
31-Dec-20,Banks,757997,777131,19134
31-Dec-20,Other Financial Services1,500711,539905,39194
31-Dec-20,Capital Goods,131248,135241,3993
31-Dec-20,Chemicals & Petrochemicals,48202,49955,1753
31-Dec-20,Coal,5700,5446,-254
31-Dec-20,Commercial Services & Supplies,14033,14398,365
31-Dec-20,Construction Materials,63269,65068,1799
31-Dec-20,Consumer Durables,84334,92619,8285
31-Dec-20,Diversified2,8451,8982,531
31-Dec-20,Diversified Consumer Services,2669,2612,-57
31-Dec-20,Food & Drugs Retailing,0,1,1
31-Dec-20,"Food, Beverages & Tobacco",112100,112023,-77
31-Dec-20,Forest Materials,1169,1234,65
31-Dec-20,General Industrials,20202,22487,2285
31-Dec-20,Hardware Technology & Equipment,44,43,-1
31-Dec-20,Healthcare Equipment & Supplies,177,170,-7
31-Dec-20,Healthcare Services,32991,33952,961
31-Dec-20,"Hotels, Restaurants & Tourism",19722,21394,1672
31-Dec-20,Household & Personal Products,141879,145962,4083
31-Dec-20,Insurance,89584,94315,4731
31-Dec-20,Media,21056,20956,-100
31-Dec-20,Metals & Mining,54212,56559,2347
31-Dec-20,Oil & Gas,368355,368353,-2
31-Dec-20,Pharmaceuticals & Biotechnology,166808,164256,-2552
31-Dec-20,Real Estate Investment,0,0,0
31-Dec-20,Realty,32457,35275,2818
31-Dec-20,Retailing,55005,56567,1562
31-Dec-20,Software & Services,475959,505607,29648
31-Dec-20,Telecom Services,72373,76235,3862
31-Dec-20,Telecommunications Equipment,80,86,6
31-Dec-20,"Textiles, Apparels & Accessories",39659,42828,3169
31-Dec-20,Transportation,43124,43448,324
31-Dec-20,Airlines,11101,11658,557
31-Dec-20,Logistics,1709,1746,37
31-Dec-20,Marine Port & Services,18148,18355,207
31-Dec-20,Roads & Highways,1496,1539,43
31-Dec-20,Shipping,1033,972,-61
31-Dec-20,Surface Transportation,32,31,-1
31-Dec-20,Transport Related Services,5890,5684,-206
31-Dec-20,Airport Services,3715,3462,-253
31-Dec-20,Utilities3,83183,82502,-681
31-Dec-20,Sovereign,0,0,0
31-Dec-20,Others4,21479,22465,986
31-Dec-20,Grand Total,3647293,3779025,131732
31-Dec-21,Automobiles & Auto Components,197986,197424,-562
31-Dec-21,Total Financial Services,1478997,1426391,-52606
31-Dec-21,Banks,831304,802378,-28926
31-Dec-21,Other Financial Services1,647693,624013,-23680
31-Dec-21,Capital Goods,153151,154426,1275
31-Dec-21,Chemicals & Petrochemicals,82979,84518,1539
31-Dec-21,Coal,6027,5982,-45
31-Dec-21,Commercial Services & Supplies,39022,39186,164
31-Dec-21,Construction Materials,93539,93617,78
31-Dec-21,Consumer Durables,140852,144813,3961
31-Dec-21,Diversified2,13427,14961,1534
31-Dec-21,Diversified Consumer Services,6806,7044,238
31-Dec-21,Food & Drugs Retailing,4,425,421
31-Dec-21,"Food, Beverages & Tobacco",123888,123647,-241
31-Dec-21,Forest Materials,2211,2207,-4
31-Dec-21,General Industrials,41306,40467,-839
31-Dec-21,Hardware Technology & Equipment,78,85,7
31-Dec-21,Healthcare Equipment & Supplies,1766,1888,122
31-Dec-21,Healthcare Services,69480,70329,849
31-Dec-21,"Hotels, Restaurants & Tourism",36161,34778,-1383
31-Dec-21,Household & Personal Products,156191,158568,2377
31-Dec-21,Insurance,116973,115860,-1113
31-Dec-21,Media,26270,23230,-3040
31-Dec-21,Metals & Mining,100435,99776,-659
31-Dec-21,Oil & Gas,500029,490912,-9117
31-Dec-21,Pharmaceuticals & Biotechnology,161627,170634,9007
31-Dec-21,Real Estate Investment,0,0,0
31-Dec-21,Realty,67954,65520,-2434
31-Dec-21,Retailing,104198,102294,-1904
31-Dec-21,Software & Services,694336,749409,55073
31-Dec-21,Telecom Services,115156,113580,-1576
31-Dec-21,Telecommunications Equipment,965,858,-107
31-Dec-21,"Textiles, Apparels & Accessories",71457,75455,3998
31-Dec-21,Transportation,62244,62951,707
31-Dec-21,Airlines,14017,14486,469
31-Dec-21,Logistics,3549,3671,122
31-Dec-21,Marine Port & Services,23877,23858,-19
31-Dec-21,Roads & Highways,2479,2317,-162
31-Dec-21,Shipping,1291,1295,4
31-Dec-21,Surface Transportation,158,135,-23
31-Dec-21,Transport Related Services,9867,9396,-471
31-Dec-21,Airport Services,7005,7791,786
31-Dec-21,Utilities3,177635,168515,-9120
31-Dec-21,Sovereign,0,0,0
31-Dec-21,Others4,18597,16779,-1818
31-Dec-21,Grand Total,4861746,4856530,-5216
31-Dec-22,Automobile and Auto Components,265434,258501,-6933
31-Dec-22,Capital Goods,133992,128667,-5325
31-Dec-22,Chemicals,104792,99657,-5135
31-Dec-22,Construction,78181,74950,-3231
31-Dec-22,Construction Materials,86122,82781,-3341
31-Dec-22,Consumer Durables,164520,162351,-2169
31-Dec-22,Consumer Services,121270,117078,-4192
31-Dec-22,Diversified,1588,1533,-55
31-Dec-22,Fast Moving Consumer Goods,338180,328790,-9390
31-Dec-22,Financial Services,1611737,1593155,-18582
31-Dec-22,Forest Materials,1863,1854,-9
31-Dec-22,Healthcare,236566,232296,-4270
31-Dec-22,Information Technology,514985,505182,-9803
31-Dec-22,"Media, Entertainment & Publication",22046,20699,-1347
31-Dec-22,Metals & Mining,173394,172603,-791
31-Dec-22,"Oil, Gas & Consumable Fuels",558113,553080,-5033
31-Dec-22,Power,214686,208250,-6436
31-Dec-22,Realty,58522,56810,-1712
31-Dec-22,Services,82114,78726,-3388
31-Dec-22,Telecommunication,130036,126212,-3824
31-Dec-22,Textiles,20056,19363,-693
31-Dec-22,Utilities,638,580,-58
31-Dec-22,Sovereign,0,0,0
31-Dec-22,Others,11709,11328,-381
31-Dec-22,Grand Total,4930543,4834447,-96096
15-Feb-23,Automobile and Auto Components,272312,271579,-733
15-Feb-23,Capital Goods,130782,135436,4654
15-Feb-23,Chemicals,95788,96017,229
15-Feb-23,Construction,77749,79322,1573
15-Feb-23,Construction Materials,77538,77610,72
15-Feb-23,Consumer Durables,149353,152506,3153
15-Feb-23,Consumer Services,104336,105237,901
15-Feb-23,Diversified,3080,2961,-119
15-Feb-23,Fast Moving Consumer Goods,322753,329163,6410
15-Feb-23,Financial Services,1512278,1551087,38809
15-Feb-23,Forest Materials,1915,1808,-107
15-Feb-23,Healthcare,227272,226636,-636
15-Feb-23,Information Technology,517061,539204,22143
15-Feb-23,"Media, Entertainment & Publication",19247,18704,-543
15-Feb-23,Metals & Mining,162632,133633,-28999
15-Feb-23,"Oil, Gas & Consumable Fuels",487290,472425,-14865
15-Feb-23,Power,170738,132716,-38022
15-Feb-23,Realty,53874,53285,-589
15-Feb-23,Services,70212,66663,-3549
15-Feb-23,Telecommunication,116219,119041,2822
15-Feb-23,Textiles,18278,17083,-1195
15-Feb-23,Utilities,568,571,3
15-Feb-23,Sovereign,0,0,0
15-Feb-23,Others,11613,10788,-825
15-Feb-23,Grand Total,4602889,4593478,-9411
15-Feb-24,Automobile and Auto Components,420703,439037,18334
15-Feb-24,Capital Goods,279625,278904,-721
15-Feb-24,Chemicals,96938,95487,-1451
15-Feb-24,Construction,140676,130403,-10273
15-Feb-24,Construction Materials,118325,113814,-4511
15-Feb-24,Consumer Durables,195445,195524,79
15-Feb-24,Consumer Services,190130,207279,17149
15-Feb-24,Diversified,4705,4142,-563
15-Feb-24,Fast Moving Consumer Goods,406935,398976,-7959
15-Feb-24,Financial Services,1842078,1820341,-21737
15-Feb-24,Forest Materials,3017,2806,-211
15-Feb-24,Healthcare,358917,378196,19279
15-Feb-24,Information Technology,626303,654279,27976
15-Feb-24,"Media, Entertainment & Publication",14822,14901,79
15-Feb-24,Metals & Mining,187824,185714,-2110
15-Feb-24,"Oil, Gas & Consumable Fuels",579667,617639,37972
15-Feb-24,Power,270052,282996,12944
15-Feb-24,Realty,118260,120938,2678
15-Feb-24,Services,117408,124752,7344
15-Feb-24,Telecommunication,186443,176274,-10169
15-Feb-24,Textiles,19735,19460,-275
15-Feb-24,Utilities,1175,1164,-11
15-Feb-24,Sovereign,0,0,0
15-Feb-24,Others,20271,20959,688
15-Feb-24,Grand Total,6199452,6283985,84533
15-Feb-25,Automobile and Auto Components,494578,471157,-23421
15-Feb-25,Capital Goods,345699,301377,-44322
15-Feb-25,Chemicals,115367,109510,-5857
15-Feb-25,Construction,131793,115204,-16589
15-Feb-25,Construction Materials,116187,112011,-4176
15-Feb-25,Consumer Durables,197231,185483,-11748
15-Feb-25,Consumer Services,291085,274237,-16848
15-Feb-25,Diversified,6300,5487,-813
15-Feb-25,Fast Moving Consumer Goods,395306,366455,-28851
15-Feb-25,Financial Services,1966433,1933679,-32754
15-Feb-25,Forest Materials,3524,3297,-227
15-Feb-25,Healthcare,467065,446659,-20406
15-Feb-25,Information Technology,698631,678374,-20257
15-Feb-25,"Media, Entertainment & Publication",11593,10875,-718
15-Feb-25,Metals & Mining,186285,180754,-5531
15-Feb-25,"Oil, Gas & Consumable Fuels",471684,444814,-26870
15-Feb-25,Power,245274,217780,-27494
15-Feb-25,Realty,148075,133787,-14288
15-Feb-25,Services,130743,125907,-4836
15-Feb-25,Telecommunication,278276,290820,12544
15-Feb-25,Textiles,24558,22627,-1931
15-Feb-25,Utilities,2983,2722,-261
15-Feb-25,Sovereign,0,0,0
15-Feb-25,Others,47665,44831,-2834
15-Feb-25,Grand Total,6776336,6477847,-298489
28-Feb-23,Automobile and Auto Components,271579,261143,-10436
28-Feb-23,Capital Goods,135436,135845,409
28-Feb-23,Chemicals,96017,92854,-3163
28-Feb-23,Construction,79322,77000,-2322
28-Feb-23,Construction Materials,77610,77897,287
28-Feb-23,Consumer Durables,152506,149407,-3099
28-Feb-23,Consumer Services,105237,102991,-2246
28-Feb-23,Diversified,2961,2814,-147
28-Feb-23,Fast Moving Consumer Goods,329163,323108,-6055
28-Feb-23,Financial Services,1551087,1494557,-56530
28-Feb-23,Forest Materials,1808,1771,-37
28-Feb-23,Healthcare,226636,219723,-6913
28-Feb-23,Information Technology,539204,511446,-27758
28-Feb-23,"Media, Entertainment & Publication",18704,17107,-1597
28-Feb-23,Metals & Mining,133633,118820,-14813
28-Feb-23,"Oil, Gas & Consumable Fuels",472425,450791,-21634
28-Feb-23,Power,132716,123729,-8987
28-Feb-23,Realty,53285,50954,-2331
28-Feb-23,Services,66663,68240,1577
28-Feb-23,Telecommunication,119041,113635,-5406
28-Feb-23,Textiles,17083,16680,-403
28-Feb-23,Utilities,571,528,-43
28-Feb-23,Sovereign,0,0,0
28-Feb-23,Others,10788,10016,-772
28-Feb-23,Grand Total,4593478,4421059,-172419
28-Feb-25,Automobile and Auto Components,471157,435188,-35969
28-Feb-25,Capital Goods,301377,284893,-16484
28-Feb-25,Chemicals,109510,106791,-2719
28-Feb-25,Construction,115204,110402,-4802
28-Feb-25,Construction Materials,112011,102114,-9897
28-Feb-25,Consumer Durables,185483,179028,-6455
28-Feb-25,Consumer Services,274237,267418,-6819
28-Feb-25,Diversified,5487,5875,388
28-Feb-25,Fast Moving Consumer Goods,366455,346182,-20273
28-Feb-25,Financial Services,1933679,1923223,-10456
28-Feb-25,Forest Materials,3297,2955,-342
28-Feb-25,Healthcare,446659,425078,-21581
28-Feb-25,Information Technology,678374,615512,-62862
28-Feb-25,"Media, Entertainment & Publication",10875,10203,-672
28-Feb-25,Metals & Mining,180754,180267,-487
28-Feb-25,"Oil, Gas & Consumable Fuels",444814,436844,-7970
28-Feb-25,Power,217780,213106,-4674
28-Feb-25,Realty,133787,127585,-6202
28-Feb-25,Services,125907,126222,315
28-Feb-25,Telecommunication,290820,272360,-18460
28-Feb-25,Textiles,22627,21633,-994
28-Feb-25,Utilities,2722,2556,-166
28-Feb-25,Sovereign,0,0,0
28-Feb-25,Others,44831,43035,-1796
28-Feb-25,Grand Total,6477847,6238469,-239378
29-Feb-24,Automobile and Auto Components,439037,451765,12728
29-Feb-24,Capital Goods,278904,292549,13645
29-Feb-24,Chemicals,95487,95726,239
29-Feb-24,Construction,130403,136492,6089
29-Feb-24,Construction Materials,113814,116166,2352
29-Feb-24,Consumer Durables,195524,196896,1372
29-Feb-24,Consumer Services,207279,218267,10988
29-Feb-24,Diversified,4142,4174,32
29-Feb-24,Fast Moving Consumer Goods,398976,402006,3030
29-Feb-24,Financial Services,1820341,1821845,1504
29-Feb-24,Forest Materials,2806,2729,-77
29-Feb-24,Healthcare,378196,376424,-1772
29-Feb-24,Information Technology,654279,651058,-3221
29-Feb-24,"Media, Entertainment & Publication",14901,13719,-1182
29-Feb-24,Metals & Mining,185714,186641,927
29-Feb-24,"Oil, Gas & Consumable Fuels",617639,600850,-16789
29-Feb-24,Power,282996,283009,13
29-Feb-24,Realty,120938,128021,7083
29-Feb-24,Services,124752,129424,4672
29-Feb-24,Telecommunication,176274,178286,2012
29-Feb-24,Textiles,19460,19254,-206
29-Feb-24,Utilities,1164,1212,48
29-Feb-24,Sovereign,0,0,0
29-Feb-24,Others,20959,21185,226
29-Feb-24,Grand Total,6283985,6327698,43713
15-Feb-21,Automobiles & Auto Components,188502,208275,19773
15-Feb-21,Total Financial Services,1255342,1512370,257028
15-Feb-21,Banks,742513,893074,150561
15-Feb-21,Other Financial Services1,512829,619295,106466
15-Feb-21,Capital Goods,145781,164858,19077
15-Feb-21,Chemicals & Petrochemicals,52141,53693,1552
15-Feb-21,Coal,5434,5613,179
15-Feb-21,Commercial Services & Supplies,15123,21530,6407
15-Feb-21,Construction Materials,66611,80726,14115
15-Feb-21,Consumer Durables,86326,92035,5709
15-Feb-21,Diversified2,8681,9302,621
15-Feb-21,Diversified Consumer Services,2680,2847,167
15-Feb-21,Food & Drugs Retailing,1,1,0
15-Feb-21,"Food, Beverages & Tobacco",108584,112359,3775
15-Feb-21,Forest Materials,1345,1453,108
15-Feb-21,General Industrials,23759,26563,2804
15-Feb-21,Hardware Technology & Equipment,45,53,8
15-Feb-21,Healthcare Equipment & Supplies,184,265,81
15-Feb-21,Healthcare Services,37016,42477,5461
15-Feb-21,"Hotels, Restaurants & Tourism",20459,22599,2140
15-Feb-21,Household & Personal Products,142992,140928,-2064
15-Feb-21,Insurance,91234,96263,5029
15-Feb-21,Media,20530,20879,349
15-Feb-21,Metals & Mining,55694,64504,8810
15-Feb-21,Oil & Gas,346768,389713,42945
15-Feb-21,Pharmaceuticals & Biotechnology,154519,161361,6842
15-Feb-21,Real Estate Investment,0,0,0
15-Feb-21,Realty,34560,40508,5948
15-Feb-21,Retailing,53487,65126,11639
15-Feb-21,Software & Services,526311,545108,18797
15-Feb-21,Telecom Services,82813,88673,5860
15-Feb-21,Telecommunications Equipment,105,102,-3
15-Feb-21,"Textiles, Apparels & Accessories",40219,42128,1909
15-Feb-21,Transportation,44183,52083,7900
15-Feb-21,Airlines,10508,11105,597
15-Feb-21,Logistics,1962,2039,77
15-Feb-21,Marine Port & Services,19657,24516,4859
15-Feb-21,Roads & Highways,1774,2269,495
15-Feb-21,Shipping,962,894,-68
15-Feb-21,Surface Transportation,30,31,1
15-Feb-21,Transport Related Services,6075,7759,1684
15-Feb-21,Airport Services,3214,3470,256
15-Feb-21,Utilities3,83241,96610,13369
15-Feb-21,Sovereign,0,0,0
15-Feb-21,Others4,21049,17625,-3424
15-Feb-21,Grand Total,3715720,4178629,462909
15-Feb-22,Automobiles & Auto Components,209195,206795,-2400
15-Feb-22,Total Financial Services,1456978,1433303,-23675
15-Feb-22,Banks,849179,855653,6474
15-Feb-22,Other Financial Services1,607799,577650,-30149
15-Feb-22,Capital Goods,157971,152536,-5435
15-Feb-22,Chemicals & Petrochemicals,83920,81710,-2210
15-Feb-22,Coal,6912,7180,268
15-Feb-22,Commercial Services & Supplies,39956,40629,673
15-Feb-22,Construction Materials,90271,89911,-360
15-Feb-22,Consumer Durables,132957,132628,-329
15-Feb-22,Diversified2,14881,15543,662
15-Feb-22,Diversified Consumer Services,6985,6343,-642
15-Feb-22,Food & Drugs Retailing,433,392,-41
15-Feb-22,"Food, Beverages & Tobacco",121968,120466,-1502
15-Feb-22,Forest Materials,2237,2195,-42
15-Feb-22,General Industrials,38862,36649,-2213
15-Feb-22,Hardware Technology & Equipment,96,87,-9
15-Feb-22,Healthcare Equipment & Supplies,1805,1563,-242
15-Feb-22,Healthcare Services,58816,58672,-144
15-Feb-22,"Hotels, Restaurants & Tourism",34225,31785,-2440
15-Feb-22,Household & Personal Products,149290,148630,-660
15-Feb-22,Insurance,113983,103454,-10529
15-Feb-22,Media,21637,20238,-1399
15-Feb-22,Metals & Mining,101487,111365,9878
15-Feb-22,Oil & Gas,499576,496673,-2903
15-Feb-22,Pharmaceuticals & Biotechnology,156935,159340,2405
15-Feb-22,Real Estate Investment,0,0,0
15-Feb-22,Realty,64304,59887,-4417
15-Feb-22,Retailing,83304,81293,-2011
15-Feb-22,Software & Services,674361,669891,-4470
15-Feb-22,Telecom Services,117878,115172,-2706
15-Feb-22,Telecommunications Equipment,822,813,-9
15-Feb-22,"Textiles, Apparels & Accessories",74072,75200,1128
15-Feb-22,Transportation,60550,60911,361
15-Feb-22,Airlines,13143,15455,2312
15-Feb-22,Logistics,3327,2448,-879
15-Feb-22,Marine Port & Services,23617,23724,107
15-Feb-22,Roads & Highways,2301,2238,-63
15-Feb-22,Shipping,1306,1281,-25
15-Feb-22,Surface Transportation,138,127,-11
15-Feb-22,Transport Related Services,9752,8923,-829
15-Feb-22,Airport Services,6966,6715,-251
15-Feb-22,Utilities3,196674,190683,-5991
15-Feb-22,Sovereign,0,0,0
15-Feb-22,Others4,17636,16925,-711
15-Feb-22,Grand Total,4790976,4728861,-62115
28-Feb-21,Automobiles & Auto Components,208275,191159,-17116
28-Feb-21,Total Financial Services,1512370,1395789,-116581
28-Feb-21,Banks,893074,829312,-63762
28-Feb-21,Other Financial Services1,619295,566477,-52818
28-Feb-21,Capital Goods,164858,163588,-1270
28-Feb-21,Chemicals & Petrochemicals,53693,55327,1634
28-Feb-21,Coal,5613,6462,849
28-Feb-21,Commercial Services & Supplies,21530,23504,1974
28-Feb-21,Construction Materials,80726,77752,-2974
28-Feb-21,Consumer Durables,92035,88364,-3671
28-Feb-21,Diversified2,9302,9362,60
28-Feb-21,Diversified Consumer Services,2847,3040,193
28-Feb-21,Food & Drugs Retailing,1,1,0
28-Feb-21,"Food, Beverages & Tobacco",112359,106053,-6306
28-Feb-21,Forest Materials,1453,1533,80
28-Feb-21,General Industrials,26563,27389,826
28-Feb-21,Hardware Technology & Equipment,53,52,-1
28-Feb-21,Healthcare Equipment & Supplies,265,766,501
28-Feb-21,Healthcare Services,42477,41543,-934
28-Feb-21,"Hotels, Restaurants & Tourism",22599,23440,841
28-Feb-21,Household & Personal Products,140928,134906,-6022
28-Feb-21,Insurance,96263,96264,1
28-Feb-21,Media,20879,20478,-401
28-Feb-21,Metals & Mining,64504,71094,6590
28-Feb-21,Oil & Gas,389713,396896,7183
28-Feb-21,Pharmaceuticals & Biotechnology,161361,151148,-10213
28-Feb-21,Real Estate Investment,0,0,0
28-Feb-21,Realty,40508,39422,-1086
28-Feb-21,Retailing,65126,62299,-2827
28-Feb-21,Software & Services,545108,513009,-32099
28-Feb-21,Telecom Services,88673,87430,-1243
28-Feb-21,Telecommunications Equipment,102,105,3
28-Feb-21,"Textiles, Apparels & Accessories",42128,40491,-1637
28-Feb-21,Transportation,52083,54823,2740
28-Feb-21,Airlines,11105,10928,-177
28-Feb-21,Logistics,2039,2109,70
28-Feb-21,Marine Port & Services,24516,26521,2005
28-Feb-21,Roads & Highways,2269,2496,227
28-Feb-21,Shipping,894,1017,123
28-Feb-21,Surface Transportation,31,30,-1
28-Feb-21,Transport Related Services,7759,8159,400
28-Feb-21,Airport Services,3470,3563,93
28-Feb-21,Utilities3,96610,100713,4103
28-Feb-21,Sovereign,0,0,0
28-Feb-21,Others4,17625,25405,7780
28-Feb-21,Grand Total,4178629,4009610,-169019
28-Feb-22,Automobiles & Auto Components,206795,192841,-13954
28-Feb-22,Total Financial Services,1433303,1378160,-55143
28-Feb-22,Banks,855653,813917,-41736
28-Feb-22,Other Financial Services1,577650,564243,-13407
28-Feb-22,Capital Goods,152536,145593,-6943
28-Feb-22,Chemicals & Petrochemicals,81710,76958,-4752
28-Feb-22,Coal,7180,7358,178
28-Feb-22,Commercial Services & Supplies,40629,37773,-2856
28-Feb-22,Construction Materials,89911,81145,-8766
28-Feb-22,Consumer Durables,132628,130664,-1964
28-Feb-22,Diversified2,15543,14900,-643
28-Feb-22,Diversified Consumer Services,6343,6360,17
28-Feb-22,Food & Drugs Retailing,392,385,-7
28-Feb-22,"Food, Beverages & Tobacco",120466,118455,-2011
28-Feb-22,Forest Materials,2195,2193,-2
28-Feb-22,General Industrials,36649,35218,-1431
28-Feb-22,Hardware Technology & Equipment,87,78,-9
28-Feb-22,Healthcare Equipment & Supplies,1563,1584,21
28-Feb-22,Healthcare Services,58672,58171,-501
28-Feb-22,"Hotels, Restaurants & Tourism",31785,29971,-1814
28-Feb-22,Household & Personal Products,148630,142949,-5681
28-Feb-22,Insurance,103454,96240,-7214
28-Feb-22,Media,20238,17467,-2771
28-Feb-22,Metals & Mining,111365,115121,3756
28-Feb-22,Oil & Gas,496673,479755,-16918
28-Feb-22,Pharmaceuticals & Biotechnology,159340,153432,-5908
28-Feb-22,Real Estate Investment,0,0,0
28-Feb-22,Realty,59887,57520,-2367
28-Feb-22,Retailing,81293,80639,-654
28-Feb-22,Software & Services,669891,641185,-28706
28-Feb-22,Telecom Services,115172,108790,-6382
28-Feb-22,Telecommunications Equipment,813,738,-75
28-Feb-22,"Textiles, Apparels & Accessories",75200,74662,-538
28-Feb-22,Transportation,60911,56854,-4057
28-Feb-22,Airlines,15455,13095,-2360
28-Feb-22,Logistics,2448,2254,-194
28-Feb-22,Marine Port & Services,23724,23079,-645
28-Feb-22,Roads & Highways,2238,1988,-250
28-Feb-22,Shipping,1281,1299,18
28-Feb-22,Surface Transportation,127,125,-2
28-Feb-22,Transport Related Services,8923,8825,-98
28-Feb-22,Airport Services,6715,6189,-526
28-Feb-22,Utilities3,190683,195759,5076
28-Feb-22,Sovereign,0,0,0
28-Feb-22,Others4,16925,15938,-987
28-Feb-22,Grand Total,4728861,4554857,-174004
15-Feb-20,Automobiles & Auto Components,153410,148257,-5153
15-Feb-20,Total Financial Services,1159259,1170820,11561
15-Feb-20,Banks,674617,675462,845
15-Feb-20,Other Financial Services1,484641,495358,10717
15-Feb-20,Capital Goods,98122,94485,-3637
15-Feb-20,Chemicals & Petrochemicals,42797,45671,2874
15-Feb-20,Coal,9547,8927,-620
15-Feb-20,Commercial Services & Supplies,9438,9965,527
15-Feb-20,Construction Materials,59282,58881,-401
15-Feb-20,Consumer Durables,53811,55079,1268
15-Feb-20,Diversified2,7054,7466,412
15-Feb-20,Diversified Consumer Services,2815,2803,-12
15-Feb-20,Food & Drugs Retailing,0,0,0
15-Feb-20,"Food, Beverages & Tobacco",109785,106540,-3245
15-Feb-20,Forest Materials,1002,942,-60
15-Feb-20,General Industrials,15865,15851,-14
15-Feb-20,Hardware Technology & Equipment,55,59,4
15-Feb-20,Healthcare Equipment & Supplies,84,90,6
15-Feb-20,Healthcare Services,22962,23086,124
15-Feb-20,"Hotels, Restaurants & Tourism",14471,13924,-547
15-Feb-20,Household & Personal Products,109603,112792,3189
15-Feb-20,Insurance,78561,75287,-3274
15-Feb-20,Media,24813,22402,-2411
15-Feb-20,Metals & Mining,43798,45070,1272
15-Feb-20,Oil & Gas,280198,293524,13326
15-Feb-20,Pharmaceuticals & Biotechnology,104431,110056,5625
15-Feb-20,Real Estate Investment,0,0,0
15-Feb-20,Realty,35668,34051,-1617
15-Feb-20,Retailing,37787,44171,6384
15-Feb-20,Software & Services,344504,355889,11385
15-Feb-20,Telecom Services,80570,87054,6484
15-Feb-20,Telecommunications Equipment,151,144,-7
15-Feb-20,"Textiles, Apparels & Accessories",39736,40673,937
15-Feb-20,Transportation,40034,39814,-220
15-Feb-20,Airlines,8272,8466,194
15-Feb-20,Logistics,1802,1719,-83
15-Feb-20,Marine Port & Services,14845,14842,-3
15-Feb-20,Roads & Highways,1788,1675,-113
15-Feb-20,Shipping,1190,1118,-72
15-Feb-20,Surface Transportation,38,37,-1
15-Feb-20,Transport Related Services,9403,9235,-168
15-Feb-20,Airport Services,2697,2722,25
15-Feb-20,Utilities3,86336,85191,-1145
15-Feb-20,Sovereign,0,0,0
15-Feb-20,Others4,12180,18392,6212
15-Feb-20,Grand Total,3078129,3127357,49228
29-Feb-20,Automobiles & Auto Components,148236,131467,-16769
29-Feb-20,Total Financial Services,1168356,1089379,-78977
29-Feb-20,Banks,674606,638225,-36381
29-Feb-20,Other Financial Services1,493751,451154,-42597
29-Feb-20,Capital Goods,93276,82518,-10758
29-Feb-20,Chemicals & Petrochemicals,45662,42379,-3283
29-Feb-20,Coal,8927,8662,-265
29-Feb-20,Commercial Services & Supplies,9904,8591,-1313
29-Feb-20,Construction Materials,58873,55591,-3282
29-Feb-20,Consumer Durables,55080,53024,-2056
29-Feb-20,Diversified2,7466,6818,-648
29-Feb-20,Diversified Consumer Services,2803,2721,-82
29-Feb-20,Food & Drugs Retailing,0,0,0
29-Feb-20,"Food, Beverages & Tobacco",106534,100171,-6363
29-Feb-20,Forest Materials,942,863,-79
29-Feb-20,General Industrials,15851,14578,-1273
29-Feb-20,Hardware Technology & Equipment,59,56,-3
29-Feb-20,Healthcare Equipment & Supplies,90,83,-7
29-Feb-20,Healthcare Services,23086,22894,-192
29-Feb-20,"Hotels, Restaurants & Tourism",13924,13615,-309
29-Feb-20,Household & Personal Products,112792,107712,-5080
29-Feb-20,Insurance,75287,72516,-2771
29-Feb-20,Media,22402,22024,-378
29-Feb-20,Metals & Mining,44989,37171,-7818
29-Feb-20,Oil & Gas,293512,262866,-30646
29-Feb-20,Pharmaceuticals & Biotechnology,109991,100330,-9661
29-Feb-20,Real Estate Investment,0,0,0
29-Feb-20,Realty,34051,30581,-3470
29-Feb-20,Retailing,44171,43172,-999
29-Feb-20,Software & Services,355821,325215,-30606
29-Feb-20,Telecom Services,87054,80612,-6442
29-Feb-20,Telecommunications Equipment,143,125,-18
29-Feb-20,"Textiles, Apparels & Accessories",40673,38925,-1748
29-Feb-20,Transportation,39811,36051,-3760
29-Feb-20,Airlines,8466,7484,-982
29-Feb-20,Logistics,1715,1636,-79
29-Feb-20,Marine Port & Services,14842,13825,-1017
29-Feb-20,Roads & Highways,1675,1366,-309
29-Feb-20,Shipping,1118,968,-150
29-Feb-20,Surface Transportation,37,34,-3
29-Feb-20,Transport Related Services,9235,8356,-879
29-Feb-20,Airport Services,2722,2383,-339
29-Feb-20,Utilities3,85190,78404,-6786
29-Feb-20,Sovereign,0,0,0
29-Feb-20,Others4,22400,17819,-4581
29-Feb-20,Grand Total,3127357,2886931,-240426
15-Jan-23,Automobile and Auto Components,258501,261177,2676
15-Jan-23,Capital Goods,128667,131201,2534
15-Jan-23,Chemicals,99657,97555,-2102
15-Jan-23,Construction,74950,77599,2649
15-Jan-23,Construction Materials,82781,83547,766
15-Jan-23,Consumer Durables,162351,156655,-5696
15-Jan-23,Consumer Services,117078,110006,-7072
15-Jan-23,Diversified,1533,1553,20
15-Jan-23,Fast Moving Consumer Goods,328790,326024,-2766
15-Jan-23,Financial Services,1593155,1567289,-25866
15-Jan-23,Forest Materials,1854,1897,43
15-Jan-23,Healthcare,232296,232803,507
15-Jan-23,Information Technology,505182,508061,2879
15-Jan-23,"Media, Entertainment & Publication",20699,20185,-514
15-Jan-23,Metals & Mining,172603,177024,4421
15-Jan-23,"Oil, Gas & Consumable Fuels",553080,540091,-12989
15-Jan-23,Power,208250,208015,-235
15-Jan-23,Realty,56810,56137,-673
15-Jan-23,Services,78726,78379,-347
15-Jan-23,Telecommunication,126212,119367,-6845
15-Jan-23,Textiles,19363,18572,-791
15-Jan-23,Utilities,580,584,4
15-Jan-23,Sovereign,0,0,0
15-Jan-23,Others,11328,11094,-234
15-Jan-23,Grand Total,4834447,4784816,-49631
15-Jan-24,,,,
15-Jan-24,,,,
15-Jan-24,,,,
15-Jan-24,Automobile and Auto Components,411001,410834,-167
15-Jan-24,Capital Goods,270580,272530,1950
15-Jan-24,Chemicals,103541,102290,-1251
15-Jan-24,Construction,137915,139948,2033
15-Jan-24,Construction Materials,117638,114684,-2954
15-Jan-24,Consumer Durables,203322,206340,3018
15-Jan-24,Consumer Services,183131,191113,7982
15-Jan-24,Diversified,4560,4481,-79
15-Jan-24,Fast Moving Consumer Goods,419522,417392,-2130
15-Jan-24,Financial Services,1947278,1962086,14808
15-Jan-24,Forest Materials,2639,2954,315
15-Jan-24,Healthcare,333871,346190,12319
15-Jan-24,Information Technology,600018,628455,28437
15-Jan-24,"Media, Entertainment & Publication",19058,17476,-1582
15-Jan-24,Metals & Mining,188163,187815,-348
15-Jan-24,"Oil, Gas & Consumable Fuels",519314,558860,39546
15-Jan-24,Power,248719,260641,11922
15-Jan-24,Realty,108114,123198,15084
15-Jan-24,Services,110353,120804,10451
15-Jan-24,Telecommunication,164846,175730,10884
15-Jan-24,Textiles,19261,19520,259
15-Jan-24,Utilities,1102,1163,61
15-Jan-24,Sovereign,0,0,0
15-Jan-24,Others,18210,19149,939
15-Jan-24,Grand Total,6132155,6283655,151500
15-Jan-25,Automobile and Auto Components,505062,498326,-6736
15-Jan-25,Capital Goods,386345,350248,-36097
15-Jan-25,Chemicals,112261,110954,-1307
15-Jan-25,Construction,139955,130937,-9018
15-Jan-25,Construction Materials,117666,109982,-7684
15-Jan-25,Consumer Durables,218756,205428,-13328
15-Jan-25,Consumer Services,344723,309034,-35689
15-Jan-25,Diversified,7626,6632,-994
15-Jan-25,Fast Moving Consumer Goods,408978,391878,-17100
15-Jan-25,Financial Services,2049709,1947105,-102604
15-Jan-25,Forest Materials,4153,3451,-702
15-Jan-25,Healthcare,507781,472926,-34855
15-Jan-25,Information Technology,729200,727585,-1615
15-Jan-25,"Media, Entertainment & Publication",12731,12258,-473
15-Jan-25,Metals & Mining,195062,184858,-10204
15-Jan-25,"Oil, Gas & Consumable Fuels",469976,471682,1706
15-Jan-25,Power,262170,249371,-12799
15-Jan-25,Realty,170007,148998,-21009
15-Jan-25,Services,142879,131575,-11304
15-Jan-25,Telecommunication,272674,275404,2730
15-Jan-25,Textiles,27119,26044,-1075
15-Jan-25,Utilities,3490,3250,-240
15-Jan-25,Sovereign,0,0,0
15-Jan-25,Others,31116,31727,611
15-Jan-25,Grand Total,7119441,6799652,-319789
31-Jan-23,Automobile and Auto Components,261486,272312,10826
31-Jan-23,Capital Goods,130892,130782,-110
31-Jan-23,Chemicals,98692,95788,-2904
31-Jan-23,Construction,77599,77749,150
31-Jan-23,Construction Materials,83547,77538,-6009
31-Jan-23,Consumer Durables,156655,149353,-7302
31-Jan-23,Consumer Services,110006,104336,-5670
31-Jan-23,Diversified,3112,3080,-32
31-Jan-23,Fast Moving Consumer Goods,323334,322753,-581
31-Jan-23,Financial Services,1567289,1512278,-55011
31-Jan-23,Forest Materials,1897,1915,18
31-Jan-23,Healthcare,232803,227272,-5531
31-Jan-23,Information Technology,507447,517061,9614
31-Jan-23,"Media, Entertainment & Publication",20185,19247,-938
31-Jan-23,Metals & Mining,177024,162632,-14392
31-Jan-23,"Oil, Gas & Consumable Fuels",540091,487290,-52801
31-Jan-23,Power,208015,170738,-37277
31-Jan-23,Realty,56137,53874,-2263
31-Jan-23,Services,78993,70212,-8781
31-Jan-23,Telecommunication,119367,116219,-3148
31-Jan-23,Textiles,18572,18278,-294
31-Jan-23,Utilities,584,568,-16
31-Jan-23,Sovereign,0,0,0
31-Jan-23,Others,11088,11613,525
31-Jan-23,Grand Total,4784816,4602889,-181927
31-Jan-24,Automobile and Auto Components,410834,420703,9869
31-Jan-24,Capital Goods,272530,279625,7095
31-Jan-24,Chemicals,102290,96938,-5352
31-Jan-24,Construction,139948,140676,728
31-Jan-24,Construction Materials,114684,118325,3641
31-Jan-24,Consumer Durables,206340,195445,-10895
31-Jan-24,Consumer Services,191113,190130,-983
31-Jan-24,Diversified,4481,4705,224
31-Jan-24,Fast Moving Consumer Goods,417392,406935,-10457
31-Jan-24,Financial Services,1962086,1842078,-120008
31-Jan-24,Forest Materials,2954,3017,63
31-Jan-24,Healthcare,346190,358917,12727
31-Jan-24,Information Technology,628455,626303,-2152
31-Jan-24,"Media, Entertainment & Publication",17476,14822,-2654
31-Jan-24,Metals & Mining,187815,187824,9
31-Jan-24,"Oil, Gas & Consumable Fuels",558860,579667,20807
31-Jan-24,Power,260641,270052,9411
31-Jan-24,Realty,123198,118260,-4938
31-Jan-24,Services,120804,117408,-3396
31-Jan-24,Telecommunication,175730,186443,10713
31-Jan-24,Textiles,19520,19735,215
31-Jan-24,Utilities,1163,1175,12
31-Jan-24,Sovereign,0,0,0
31-Jan-24,Others,19149,20271,1122
31-Jan-24,Grand Total,6283655,6199452,-84203
31-Jan-25,Automobile and Auto Components,498326,494578,-3748
31-Jan-25,Capital Goods,350248,345699,-4549
31-Jan-25,Chemicals,110954,115367,4413
31-Jan-25,Construction,130937,131793,856
31-Jan-25,Construction Materials,109982,116187,6205
31-Jan-25,Consumer Durables,205428,197231,-8197
31-Jan-25,Consumer Services,309034,291085,-17949
31-Jan-25,Diversified,6632,6300,-332
31-Jan-25,Fast Moving Consumer Goods,391878,395306,3428
31-Jan-25,Financial Services,1947105,1966433,19328
31-Jan-25,Forest Materials,3451,3524,73
31-Jan-25,Healthcare,472926,467065,-5861
31-Jan-25,Information Technology,727585,698631,-28954
31-Jan-25,"Media, Entertainment & Publication",12258,11593,-665
31-Jan-25,Metals & Mining,184858,186285,1427
31-Jan-25,"Oil, Gas & Consumable Fuels",471682,471684,2
31-Jan-25,Power,249371,245274,-4097
31-Jan-25,Realty,148998,148075,-923
31-Jan-25,Services,131575,130743,-832
31-Jan-25,Telecommunication,275404,278276,2872
31-Jan-25,Textiles,26044,24558,-1486
31-Jan-25,Utilities,3250,2983,-267
31-Jan-25,Sovereign,0,0,0
31-Jan-25,Others,31727,47665,15938
31-Jan-25,Grand Total,6799652,6776336,-23316
15-Jul-23,Automobile and Auto Components,332454,343173,10719
15-Jul-23,Capital Goods,181174,188798,7624
15-Jul-23,Chemicals,101059,96932,-4127
15-Jul-23,Construction,96781,97962,1181
15-Jul-23,Construction Materials,92153,91750,-403
15-Jul-23,Consumer Durables,179011,182312,3301
15-Jul-23,Consumer Services,131039,133362,2323
15-Jul-23,Diversified,3452,3371,-81
15-Jul-23,Fast Moving Consumer Goods,379879,392134,12255
15-Jul-23,Financial Services,1733987,1557024,-176963
15-Jul-23,Forest Materials,2042,1971,-71
15-Jul-23,Healthcare,270487,276053,5566
15-Jul-23,Information Technology,488869,513832,24963
15-Jul-23,"Media, Entertainment & Publication",15651,17482,1831
15-Jul-23,Metals & Mining,156185,161270,5085
15-Jul-23,"Oil, Gas & Consumable Fuels",486943,522256,35313
15-Jul-23,Power,162339,160512,-1827
15-Jul-23,Realty,70561,73636,3075
15-Jul-23,Services,90710,91916,1206
15-Jul-23,Telecommunication,133602,137302,3700
15-Jul-23,Textiles,17038,16942,-96
15-Jul-23,Utilities,837,871,34
15-Jul-23,Sovereign,0,0,0
15-Jul-23,Others,12325,141859,129534
15-Jul-23,Grand Total,5138579,5202721,64142
31-Jul-23,Automobile and Auto Components,343173,345726,2553
31-Jul-23,Capital Goods,188798,203513,14715
31-Jul-23,Chemicals,96932,96354,-578
31-Jul-23,Construction,97962,107868,9906
31-Jul-23,Construction Materials,91750,94048,2298
31-Jul-23,Consumer Durables,182312,182978,666
31-Jul-23,Consumer Services,133362,134850,1488
31-Jul-23,Diversified,3371,3318,-53
31-Jul-23,Fast Moving Consumer Goods,392134,387151,-4983
31-Jul-23,Financial Services,1557024,1771057,214033
31-Jul-23,Forest Materials,1971,2082,111
31-Jul-23,Healthcare,276053,289657,13604
31-Jul-23,Information Technology,513832,497985,-15847
31-Jul-23,"Media, Entertainment & Publication",17482,18973,1491
31-Jul-23,Metals & Mining,161270,168563,7293
31-Jul-23,"Oil, Gas & Consumable Fuels",522256,496204,-26052
31-Jul-23,Power,160512,180594,20082
31-Jul-23,Realty,73636,77502,3866
31-Jul-23,Services,91916,94562,2646
31-Jul-23,Telecommunication,137302,140026,2724
31-Jul-23,Textiles,16942,17388,446
31-Jul-23,Utilities,871,914,43
31-Jul-23,Sovereign,0,0,0
31-Jul-23,Others,141859,12975,-128884
31-Jul-23,Grand Total,5202721,5324288,121567
15-Jun-23,Automobile and Auto Components,306665,317930,11265
15-Jun-23,Capital Goods,160343,175464,15121
15-Jun-23,Chemicals,101104,100867,-237
15-Jun-23,Construction,84330,91310,6980
15-Jun-23,Construction Materials,88096,93925,5829
15-Jun-23,Consumer Durables,166522,174646,8124
15-Jun-23,Consumer Services,120637,129140,8503
15-Jun-23,Diversified,3202,3420,218
15-Jun-23,Fast Moving Consumer Goods,370221,360501,-9720
15-Jun-23,Financial Services,1646306,1643927,-2379
15-Jun-23,Forest Materials,2044,1995,-49
15-Jun-23,Healthcare,245375,261029,15654
15-Jun-23,Information Technology,487869,476913,-10956
15-Jun-23,"Media, Entertainment & Publication",16096,15982,-114
15-Jun-23,Metals & Mining,150237,153785,3548
15-Jun-23,"Oil, Gas & Consumable Fuels",476503,487424,10921
15-Jun-23,Power,152006,158417,6411
15-Jun-23,Realty,58352,69694,11342
15-Jun-23,Services,87557,89825,2268
15-Jun-23,Telecommunication,127474,127033,-441
15-Jun-23,Textiles,16706,17093,387
15-Jun-23,Utilities,707,744,37
15-Jun-23,Sovereign,0,0,0
15-Jun-23,Others,11277,23392,12115
15-Jun-23,Grand Total,4879628,4974456,94828
30-Jun-23,Automobile and Auto Components,317930,332454,14524
30-Jun-23,Capital Goods,175464,181174,5710
30-Jun-23,Chemicals,100867,101059,192
30-Jun-23,Construction,91310,96781,5471
30-Jun-23,Construction Materials,93925,92153,-1772
30-Jun-23,Consumer Durables,174646,179011,4365
30-Jun-23,Consumer Services,129140,131039,1899
30-Jun-23,Diversified,3420,3452,32
30-Jun-23,Fast Moving Consumer Goods,360501,379879,19378
30-Jun-23,Financial Services,1643927,1733987,90060
30-Jun-23,Forest Materials,1995,2042,47
30-Jun-23,Healthcare,261029,270487,9458
30-Jun-23,Information Technology,476913,488869,11956
30-Jun-23,"Media, Entertainment & Publication",15982,15651,-331
30-Jun-23,Metals & Mining,153785,156185,2400
30-Jun-23,"Oil, Gas & Consumable Fuels",487424,486943,-481
30-Jun-23,Power,158417,162339,3922
30-Jun-23,Realty,69694,70561,867
30-Jun-23,Services,89825,90710,885
30-Jun-23,Telecommunication,127033,133602,6569
30-Jun-23,Textiles,17093,17038,-55
30-Jun-23,Utilities,744,837,93
30-Jun-23,Sovereign,0,0,0
30-Jun-23,Others,23392,12325,-11067
30-Jun-23,Grand Total,4974456,5138579,164123
15-Jun-24,Automobile and Auto Components,523996,577864,53868
15-Jun-24,Capital Goods,375815,404048,28233
15-Jun-24,Chemicals,100951,109672,8721
15-Jun-24,Construction,146151,146256,105
15-Jun-24,Construction Materials,112786,124938,12152
15-Jun-24,Consumer Durables,197892,207287,9395
15-Jun-24,Consumer Services,243750,265803,22053
15-Jun-24,Diversified,5995,6454,459
15-Jun-24,Fast Moving Consumer Goods,397024,425039,28015
15-Jun-24,Financial Services,1896907,1971419,74512
15-Jun-24,Forest Materials,3209,3838,629
15-Jun-24,Healthcare,369812,398071,28259
15-Jun-24,Information Technology,542783,575037,32254
15-Jun-24,"Media, Entertainment & Publication",12621,13760,1139
15-Jun-24,Metals & Mining,222899,223803,904
15-Jun-24,"Oil, Gas & Consumable Fuels",589641,605270,15629
15-Jun-24,Power,317445,319583,2138
15-Jun-24,Realty,147421,165073,17652
15-Jun-24,Services,147341,153606,6265
15-Jun-24,Telecommunication,239560,251215,11655
15-Jun-24,Textiles,20543,22044,1501
15-Jun-24,Utilities,1776,1923,147
15-Jun-24,Sovereign,0,0,0
15-Jun-24,Others,24290,25535,1245
15-Jun-24,Grand Total,6640608,6997537,356929
30-Jun-24,Automobile and Auto Components,577864,571132,-6732
30-Jun-24,Capital Goods,404048,409070,5022
30-Jun-24,Chemicals,109672,113531,3859
30-Jun-24,Construction,146256,141565,-4691
30-Jun-24,Construction Materials,124938,132499,7561
30-Jun-24,Consumer Durables,207287,209491,2204
30-Jun-24,Consumer Services,265803,279761,13958
30-Jun-24,Diversified,6454,6480,26
30-Jun-24,Fast Moving Consumer Goods,425039,421822,-3217
30-Jun-24,Financial Services,1971419,2054913,83494
30-Jun-24,Forest Materials,3838,4143,305
30-Jun-24,Healthcare,398071,399604,1533
30-Jun-24,Information Technology,575037,597930,22893
30-Jun-24,"Media, Entertainment & Publication",13760,13556,-204
30-Jun-24,Metals & Mining,223803,219771,-4032
30-Jun-24,"Oil, Gas & Consumable Fuels",605270,616324,11054
30-Jun-24,Power,319583,319441,-142
30-Jun-24,Realty,165073,163404,-1669
30-Jun-24,Services,153606,154786,1180
30-Jun-24,Telecommunication,251215,263835,12620
30-Jun-24,Textiles,22044,23182,1138
30-Jun-24,Utilities,1923,2106,183
30-Jun-24,Sovereign,0,0,0
30-Jun-24,Others,25535,26110,575
30-Jun-24,Grand Total,6997537,7144454,146917
15-Jan-21,Automobiles & Auto Components,180952,196284,15332
15-Jan-21,Total Financial Services,1317036,1342029,24993
15-Jan-21,Banks,777131,787059,9928
15-Jan-21,Other Financial Services1,539905,554970,15065
15-Jan-21,Capital Goods,135241,144117,8876
15-Jan-21,Chemicals & Petrochemicals,49955,52630,2675
15-Jan-21,Coal,5446,6199,753
15-Jan-21,Commercial Services & Supplies,14398,15596,1198
15-Jan-21,Construction Materials,65068,69233,4165
15-Jan-21,Consumer Durables,92619,90588,-2031
15-Jan-21,Diversified2,8982,9406,424
15-Jan-21,Diversified Consumer Services,2612,2607,-5
15-Jan-21,Food & Drugs Retailing,1,1,0
15-Jan-21,"Food, Beverages & Tobacco",112023,114748,2725
15-Jan-21,Forest Materials,1234,1332,98
15-Jan-21,General Industrials,22487,23988,1501
15-Jan-21,Hardware Technology & Equipment,43,40,-3
15-Jan-21,Healthcare Equipment & Supplies,170,169,-1
15-Jan-21,Healthcare Services,33952,36469,2517
15-Jan-21,"Hotels, Restaurants & Tourism",21394,21283,-111
15-Jan-21,Household & Personal Products,145962,147513,1551
15-Jan-21,Insurance,94315,97514,3199
15-Jan-21,Media,20956,21238,282
15-Jan-21,Metals & Mining,56559,61699,5140
15-Jan-21,Oil & Gas,368353,362631,-5722
15-Jan-21,Pharmaceuticals & Biotechnology,164256,166625,2369
15-Jan-21,Real Estate Investment,0,0,0
15-Jan-21,Realty,35275,37690,2415
15-Jan-21,Retailing,56567,58436,1869
15-Jan-21,Software & Services,505607,555587,49980
15-Jan-21,Telecom Services,76235,90142,13907
15-Jan-21,Telecommunications Equipment,86,105,19
15-Jan-21,"Textiles, Apparels & Accessories",42828,41718,-1110
15-Jan-21,Transportation,43448,45494,2046
15-Jan-21,Airlines,11658,11053,-605
15-Jan-21,Logistics,1746,1733,-13
15-Jan-21,Marine Port & Services,18355,20196,1841
15-Jan-21,Roads & Highways,1539,1810,271
15-Jan-21,Shipping,972,1013,41
15-Jan-21,Surface Transportation,31,31,0
15-Jan-21,Transport Related Services,5684,6100,416
15-Jan-21,Airport Services,3462,3559,97
15-Jan-21,Utilities3,82502,89070,6568
15-Jan-21,Sovereign,0,0,0
15-Jan-21,Others4,22465,22442,-23
15-Jan-21,Grand Total,3779025,3924626,145601
15-Jan-22,Automobiles & Auto Components,197424,207451,10027
15-Jan-22,Total Financial Services,1426391,1525995,99604
15-Jan-22,Banks,802378,866670,64292
15-Jan-22,Other Financial Services1,624013,659324,35311
15-Jan-22,Capital Goods,154426,165010,10584
15-Jan-22,Chemicals & Petrochemicals,84518,90563,6045
15-Jan-22,Coal,5982,6841,859
15-Jan-22,Commercial Services & Supplies,39186,42862,3676
15-Jan-22,Construction Materials,93617,97995,4378
15-Jan-22,Consumer Durables,144813,145186,373
15-Jan-22,Diversified2,14961,16294,1333
15-Jan-22,Diversified Consumer Services,7044,7178,134
15-Jan-22,Food & Drugs Retailing,425,460,35
15-Jan-22,"Food, Beverages & Tobacco",123647,126831,3184
15-Jan-22,Forest Materials,2207,2385,178
15-Jan-22,General Industrials,40467,41919,1452
15-Jan-22,Hardware Technology & Equipment,85,105,20
15-Jan-22,Healthcare Equipment & Supplies,1888,1886,-2
15-Jan-22,Healthcare Services,70329,67820,-2509
15-Jan-22,"Hotels, Restaurants & Tourism",34778,38033,3255
15-Jan-22,Household & Personal Products,158568,156494,-2074
15-Jan-22,Insurance,115860,120801,4941
15-Jan-22,Media,23230,23512,282
15-Jan-22,Metals & Mining,99776,106754,6978
15-Jan-22,Oil & Gas,490912,525389,34477
15-Jan-22,Pharmaceuticals & Biotechnology,170634,167947,-2687
15-Jan-22,Real Estate Investment,0,0,0
15-Jan-22,Realty,65520,68980,3460
15-Jan-22,Retailing,102294,98778,-3516
15-Jan-22,Software & Services,749409,761570,12161
15-Jan-22,Telecom Services,113580,120735,7155
15-Jan-22,Telecommunications Equipment,858,971,113
15-Jan-22,"Textiles, Apparels & Accessories",75455,80292,4837
15-Jan-22,Transportation,62951,66751,3800
15-Jan-22,Airlines,14486,15516,1030
15-Jan-22,Logistics,3671,3642,-29
15-Jan-22,Marine Port & Services,23858,25684,1826
15-Jan-22,Roads & Highways,2317,2422,105
15-Jan-22,Shipping,1295,1323,28
15-Jan-22,Surface Transportation,135,152,17
15-Jan-22,Transport Related Services,9396,10529,1133
15-Jan-22,Airport Services,7791,7484,-307
15-Jan-22,Utilities3,168515,191229,22714
15-Jan-22,Sovereign,0,0,0
15-Jan-22,Others4,16779,16383,-396
15-Jan-22,Grand Total,4856530,5091400,234870
31-Jan-21,Automobiles & Auto Components,196284,188502,-7782
31-Jan-21,Total Financial Services,1342029,1255342,-86687
31-Jan-21,Banks,787059,742513,-44546
31-Jan-21,Other Financial Services1,554970,512829,-42141
31-Jan-21,Capital Goods,144117,145781,1664
31-Jan-21,Chemicals & Petrochemicals,52630,52141,-489
31-Jan-21,Coal,6199,5434,-765
31-Jan-21,Commercial Services & Supplies,15596,15123,-473
31-Jan-21,Construction Materials,69233,66611,-2622
31-Jan-21,Consumer Durables,90588,86326,-4262
31-Jan-21,Diversified2,9406,8681,-725
31-Jan-21,Diversified Consumer Services,2607,2680,73
31-Jan-21,Food & Drugs Retailing,1,1,0
31-Jan-21,"Food, Beverages & Tobacco",114748,108584,-6164
31-Jan-21,Forest Materials,1332,1345,13
31-Jan-21,General Industrials,23988,23759,-229
31-Jan-21,Hardware Technology & Equipment,40,45,5
31-Jan-21,Healthcare Equipment & Supplies,169,184,15
31-Jan-21,Healthcare Services,36469,37016,547
31-Jan-21,"Hotels, Restaurants & Tourism",21283,20459,-824
31-Jan-21,Household & Personal Products,147513,142992,-4521
31-Jan-21,Insurance,97514,91234,-6280
31-Jan-21,Media,21238,20530,-708
31-Jan-21,Metals & Mining,61699,55694,-6005
31-Jan-21,Oil & Gas,362631,346768,-15863
31-Jan-21,Pharmaceuticals & Biotechnology,166625,154519,-12106
31-Jan-21,Real Estate Investment,0,0,0
31-Jan-21,Realty,37690,34560,-3130
31-Jan-21,Retailing,58436,53487,-4949
31-Jan-21,Software & Services,555587,526311,-29276
31-Jan-21,Telecom Services,90142,82813,-7329
31-Jan-21,Telecommunications Equipment,105,105,0
31-Jan-21,"Textiles, Apparels & Accessories",41718,40219,-1499
31-Jan-21,Transportation,45494,44183,-1311
31-Jan-21,Airlines,11053,10508,-545
31-Jan-21,Logistics,1733,1962,229
31-Jan-21,Marine Port & Services,20196,19657,-539
31-Jan-21,Roads & Highways,1810,1774,-36
31-Jan-21,Shipping,1013,962,-51
31-Jan-21,Surface Transportation,31,30,-1
31-Jan-21,Transport Related Services,6100,6075,-25
31-Jan-21,Airport Services,3559,3214,-345
31-Jan-21,Utilities3,89070,83241,-5829
31-Jan-21,Sovereign,0,0,0
31-Jan-21,Others4,22442,21049,-1393
31-Jan-21,Grand Total,3924626,3715720,-208906
31-Jan-22,Automobiles & Auto Components,207451,209195,1744
31-Jan-22,Total Financial Services,1525995,1456978,-69017
31-Jan-22,Banks,866670,849179,-17491
31-Jan-22,Other Financial Services1,659324,607799,-51525
31-Jan-22,Capital Goods,165010,157971,-7039
31-Jan-22,Chemicals & Petrochemicals,90563,83920,-6643
31-Jan-22,Coal,6841,6912,71
31-Jan-22,Commercial Services & Supplies,42862,39956,-2906
31-Jan-22,Construction Materials,97995,90271,-7724
31-Jan-22,Consumer Durables,145186,132957,-12229
31-Jan-22,Diversified2,16294,14881,-1413
31-Jan-22,Diversified Consumer Services,7178,6985,-193
31-Jan-22,Food & Drugs Retailing,460,433,-27
31-Jan-22,"Food, Beverages & Tobacco",126831,121968,-4863
31-Jan-22,Forest Materials,2385,2237,-148
31-Jan-22,General Industrials,41919,38862,-3057
31-Jan-22,Hardware Technology & Equipment,105,96,-9
31-Jan-22,Healthcare Equipment & Supplies,1886,1805,-81
31-Jan-22,Healthcare Services,67820,58816,-9004
31-Jan-22,"Hotels, Restaurants & Tourism",38033,34225,-3808
31-Jan-22,Household & Personal Products,156494,149290,-7204
31-Jan-22,Insurance,120801,113983,-6818
31-Jan-22,Media,23512,21637,-1875
31-Jan-22,Metals & Mining,106754,101487,-5267
31-Jan-22,Oil & Gas,525389,499576,-25813
31-Jan-22,Pharmaceuticals & Biotechnology,167947,156935,-11012
31-Jan-22,Real Estate Investment,0,0,0
31-Jan-22,Realty,68980,64304,-4676
31-Jan-22,Retailing,98778,83304,-15474
31-Jan-22,Software & Services,761570,674361,-87209
31-Jan-22,Telecom Services,120735,117878,-2857
31-Jan-22,Telecommunications Equipment,971,822,-149
31-Jan-22,"Textiles, Apparels & Accessories",80292,74072,-6220
31-Jan-22,Transportation,66751,60550,-6201
31-Jan-22,Airlines,15516,13143,-2373
31-Jan-22,Logistics,3642,3327,-315
31-Jan-22,Marine Port & Services,25684,23617,-2067
31-Jan-22,Roads & Highways,2422,2301,-121
31-Jan-22,Shipping,1323,1306,-17
31-Jan-22,Surface Transportation,152,138,-14
31-Jan-22,Transport Related Services,10529,9752,-777
31-Jan-22,Airport Services,7484,6966,-518
31-Jan-22,Utilities3,191229,196674,5445
31-Jan-22,Sovereign,0,0,0
31-Jan-22,Others4,16383,17636,1253
31-Jan-22,Grand Total,5091400,4790976,-300424
15-Jan-20,Automobiles & Auto Components,155901,157396,1495
15-Jan-20,Total Financial Services,1181152,1186224,5072
15-Jan-20,Banks,698344,693720,-4624
15-Jan-20,Other Financial Services1,482808,492504,9696
15-Jan-20,Capital Goods,94656,98453,3797
15-Jan-20,Chemicals & Petrochemicals,43152,44375,1223
15-Jan-20,Coal,11261,11168,-93
15-Jan-20,Commercial Services & Supplies,9020,9375,355
15-Jan-20,Construction Materials,54353,60132,5779
15-Jan-20,Consumer Durables,51627,53326,1699
15-Jan-20,Diversified2,6435,6728,293
15-Jan-20,Diversified Consumer Services,2763,2696,-67
15-Jan-20,Food & Drugs Retailing,0,0,0
15-Jan-20,"Food, Beverages & Tobacco",107926,110671,2745
15-Jan-20,Forest Materials,955,997,42
15-Jan-20,General Industrials,14904,15726,822
15-Jan-20,Hardware Technology & Equipment,43,45,2
15-Jan-20,Healthcare Equipment & Supplies,72,74,2
15-Jan-20,Healthcare Services,20097,21421,1324
15-Jan-20,"Hotels, Restaurants & Tourism",13251,13596,345
15-Jan-20,Household & Personal Products,107902,113486,5584
15-Jan-20,Insurance,79201,79609,408
15-Jan-20,Media,25709,24712,-997
15-Jan-20,Metals & Mining,48025,50219,2194
15-Jan-20,Oil & Gas,297589,299831,2242
15-Jan-20,Pharmaceuticals & Biotechnology,102073,103785,1712
15-Jan-20,Real Estate Investment,0,0,0
15-Jan-20,Realty,32420,34831,2411
15-Jan-20,Retailing,34338,35264,926
15-Jan-20,Software & Services,336570,350717,14147
15-Jan-20,Telecom Services,64708,66462,1754
15-Jan-20,Telecommunications Equipment,155,159,4
15-Jan-20,"Textiles, Apparels & Accessories",39511,39610,99
15-Jan-20,Transportation,39407,41496,2089
15-Jan-20,Airlines,8163,8847,684
15-Jan-20,Logistics,1659,1770,111
15-Jan-20,Marine Port & Services,14809,15767,958
15-Jan-20,Roads & Highways,1616,1668,52
15-Jan-20,Shipping,1210,1335,125
15-Jan-20,Surface Transportation,38,39,1
15-Jan-20,Transport Related Services,9488,9263,-225
15-Jan-20,Airport Services,2425,2807,382
15-Jan-20,Utilities3,86098,89495,3397
15-Jan-20,Sovereign,0,0,0
15-Jan-20,Others4,14780,15135,355
15-Jan-20,Grand Total,3076053,3137216,61163
31-Jan-20,Automobiles & Auto Components,157418,153410,-4008
31-Jan-20,Total Financial Services,1188781,1159259,-29522
31-Jan-20,Banks,694670,674617,-20053
31-Jan-20,Other Financial Services1,494112,484641,-9471
31-Jan-20,Capital Goods,99828,98122,-1706
31-Jan-20,Chemicals & Petrochemicals,43860,42797,-1063
31-Jan-20,Coal,11169,9547,-1622
31-Jan-20,Commercial Services & Supplies,9444,9438,-6
31-Jan-20,Construction Materials,60141,59282,-859
31-Jan-20,Consumer Durables,53428,53811,383
31-Jan-20,Diversified2,6728,7054,326
31-Jan-20,Diversified Consumer Services,2178,2815,637
31-Jan-20,Food & Drugs Retailing,0,0,0
31-Jan-20,"Food, Beverages & Tobacco",110671,109785,-886
31-Jan-20,Forest Materials,997,1002,5
31-Jan-20,General Industrials,15624,15865,241
31-Jan-20,Hardware Technology & Equipment,45,55,10
31-Jan-20,Healthcare Equipment & Supplies,74,84,10
31-Jan-20,Healthcare Services,21421,22962,1541
31-Jan-20,"Hotels, Restaurants & Tourism",13596,14471,875
31-Jan-20,Household & Personal Products,113486,109603,-3883
31-Jan-20,Insurance,79609,78561,-1048
31-Jan-20,Media,24712,24813,101
31-Jan-20,Metals & Mining,50275,43798,-6477
31-Jan-20,Oil & Gas,299841,280198,-19643
31-Jan-20,Pharmaceuticals & Biotechnology,103845,104431,586
31-Jan-20,Real Estate Investment,0,0,0
31-Jan-20,Realty,34831,35668,837
31-Jan-20,Retailing,35265,37787,2522
31-Jan-20,Software & Services,350719,344504,-6215
31-Jan-20,Telecom Services,66462,80570,14108
31-Jan-20,Telecommunications Equipment,159,151,-8
31-Jan-20,"Textiles, Apparels & Accessories",39610,39736,126
31-Jan-20,Transportation,41496,40034,-1462
31-Jan-20,Airlines,8847,8272,-575
31-Jan-20,Logistics,1770,1802,32
31-Jan-20,Marine Port & Services,15767,14845,-922
31-Jan-20,Roads & Highways,1668,1788,120
31-Jan-20,Shipping,1335,1190,-145
31-Jan-20,Surface Transportation,39,38,-1
31-Jan-20,Transport Related Services,9263,9403,140
31-Jan-20,Airport Services,2807,2697,-110
31-Jan-20,Utilities3,89495,86336,-3159
31-Jan-20,Sovereign,0,0,0
31-Jan-20,Others4,12006,12180,174
31-Jan-20,Grand Total,3137216,3078129,-59087
15-Jul-20,Automobiles & Auto Components,125847,129776,3929
15-Jul-20,Total Financial Services,810876,813980,3104
15-Jul-20,Banks,475905,470682,-5223
15-Jul-20,Other Financial Services1,334971,343298,8327
15-Jul-20,Capital Goods,74567,73871,-696
15-Jul-20,Chemicals & Petrochemicals,36256,37781,1525
15-Jul-20,Coal,6476,6059,-417
15-Jul-20,Commercial Services & Supplies,6208,6113,-95
15-Jul-20,Construction Materials,47781,46143,-1638
15-Jul-20,Consumer Durables,49585,50135,550
15-Jul-20,Diversified2,5242,5414,172
15-Jul-20,Diversified Consumer Services,1915,1980,65
15-Jul-20,Food & Drugs Retailing,0,0,0
15-Jul-20,"Food, Beverages & Tobacco",98713,98512,-201
15-Jul-20,Forest Materials,637,634,-3
15-Jul-20,General Industrials,12043,12564,521
15-Jul-20,Hardware Technology & Equipment,45,44,-1
15-Jul-20,Healthcare Equipment & Supplies,67,79,12
15-Jul-20,Healthcare Services,18655,20535,1880
15-Jul-20,"Hotels, Restaurants & Tourism",10979,10809,-170
15-Jul-20,Household & Personal Products,129424,133066,3642
15-Jul-20,Insurance,76169,79908,3739
15-Jul-20,Media,17101,16426,-675
15-Jul-20,Metals & Mining,29681,31035,1354
15-Jul-20,Oil & Gas,312514,331409,18895
15-Jul-20,Pharmaceuticals & Biotechnology,123041,126621,3580
15-Jul-20,Real Estate Investment,0,0,0
15-Jul-20,Realty,22394,21273,-1121
15-Jul-20,Retailing,38286,38358,72
15-Jul-20,Software & Services,311359,344757,33398
15-Jul-20,Telecom Services,86215,84777,-1438
15-Jul-20,Telecommunications Equipment,127,98,-29
15-Jul-20,"Textiles, Apparels & Accessories",28011,27921,-90
15-Jul-20,Transportation,30727,29884,-843
15-Jul-20,Airlines,5672,5415,-257
15-Jul-20,Logistics,1151,1233,82
15-Jul-20,Marine Port & Services,12639,11647,-992
15-Jul-20,Roads & Highways,1110,1291,181
15-Jul-20,Shipping,820,841,21
15-Jul-20,Surface Transportation,23,23,0
15-Jul-20,Transport Related Services,6799,7002,203
15-Jul-20,Airport Services,2511,2431,-80
15-Jul-20,Utilities3,69099,64440,-4659
15-Jul-20,Sovereign,0,0,0
15-Jul-20,Others4,18914,20052,1138
15-Jul-20,Grand Total,2598955,2664453,65498
15-Jul-21,Automobiles & Auto Components,200913,199211,-1702
15-Jul-21,Total Financial Services,1407853,1450942,43089
15-Jul-21,Banks,821752,843662,21910
15-Jul-21,Other Financial Services1,586101,607281,21180
15-Jul-21,Capital Goods,155881,153963,-1918
15-Jul-21,Chemicals & Petrochemicals,78212,82318,4106
15-Jul-21,Coal,5952,5942,-10
15-Jul-21,Commercial Services & Supplies,38919,37754,-1165
15-Jul-21,Construction Materials,90919,97012,6093
15-Jul-21,Consumer Durables,121776,125538,3762
15-Jul-21,Diversified2,11705,12031,326
15-Jul-21,Diversified Consumer Services,3146,3405,259
15-Jul-21,Food & Drugs Retailing,1,2,1
15-Jul-21,"Food, Beverages & Tobacco",116113,116742,629
15-Jul-21,Forest Materials,1789,1913,124
15-Jul-21,General Industrials,36096,37127,1031
15-Jul-21,Hardware Technology & Equipment,34,36,2
15-Jul-21,Healthcare Equipment & Supplies,1449,1414,-35
15-Jul-21,Healthcare Services,51701,53982,2281
15-Jul-21,"Hotels, Restaurants & Tourism",25617,26371,754
15-Jul-21,Household & Personal Products,164386,166065,1679
15-Jul-21,Insurance,109880,116095,6215
15-Jul-21,Media,20521,20656,135
15-Jul-21,Metals & Mining,98177,104700,6523
15-Jul-21,Oil & Gas,410131,402535,-7596
15-Jul-21,Pharmaceuticals & Biotechnology,180523,183285,2762
15-Jul-21,Real Estate Investment,0,0,0
15-Jul-21,Realty,44119,50105,5986
15-Jul-21,Retailing,63138,65349,2211
15-Jul-21,Software & Services,616380,619169,2789
15-Jul-21,Telecom Services,84052,84009,-43
15-Jul-21,Telecommunications Equipment,255,304,49
15-Jul-21,"Textiles, Apparels & Accessories",48880,50600,1720
15-Jul-21,Transportation,59168,59291,123
15-Jul-21,Airlines,12812,13635,823
15-Jul-21,Logistics,2784,2857,73
15-Jul-21,Marine Port & Services,23799,23535,-264
15-Jul-21,Roads & Highways,2641,2744,103
15-Jul-21,Shipping,1491,1472,-19
15-Jul-21,Surface Transportation,89,88,-1
15-Jul-21,Transport Related Services,10731,10176,-555
15-Jul-21,Airport Services,4821,4785,-36
15-Jul-21,Utilities3,122550,120599,-1951
15-Jul-21,Sovereign,0,0,0
15-Jul-21,Others4,27724,28140,416
15-Jul-21,Grand Total,4397960,4476607,78647
15-Jul-22,Automobile and Auto Components,229758,242393,12635
15-Jul-22,Capital Goods,92721,96913,4192
15-Jul-22,Chemicals,87412,92251,4839
15-Jul-22,Construction,50669,54893,4224
15-Jul-22,Construction Materials,63013,65525,2512
15-Jul-22,Consumer Durables,143724,156558,12834
15-Jul-22,Consumer Services,90969,97688,6719
15-Jul-22,Diversified,1546,1582,36
15-Jul-22,Fast Moving Consumer Goods,265865,295155,29290
15-Jul-22,Financial Services,1284931,1335966,51035
15-Jul-22,Forest Materials,1195,1214,19
15-Jul-22,Healthcare,195204,202246,7042
15-Jul-22,Information Technology,510308,483542,-26766
15-Jul-22,"Media, Entertainment & Publication",18994,20012,1018
15-Jul-22,Metals & Mining,114936,119349,4413
15-Jul-22,"Oil, Gas & Consumable Fuels",538924,512787,-26137
15-Jul-22,Power,195851,212955,17104
15-Jul-22,Realty,49682,54132,4450
15-Jul-22,Services,65848,71151,5303
15-Jul-22,Telecommunication,102684,100453,-2231
15-Jul-22,Textiles,17992,19126,1134
15-Jul-22,Utilities,336,347,11
15-Jul-22,Sovereign,0,0,0
15-Jul-22,Others,9470,10412,942
15-Jul-22,Grand Total,4132029,4246649,114620
15-Jul-24,Automobile and Auto Components,571132,576949,5817
15-Jul-24,Capital Goods,409070,419579,10509
15-Jul-24,Chemicals,113531,116088,2557
15-Jul-24,Construction,141565,146785,5220
15-Jul-24,Construction Materials,132499,135321,2822
15-Jul-24,Consumer Durables,209491,212077,2586
15-Jul-24,Consumer Services,279761,297441,17680
15-Jul-24,Diversified,6480,7387,907
15-Jul-24,Fast Moving Consumer Goods,421822,445113,23291
15-Jul-24,Financial Services,2054913,2077268,22355
15-Jul-24,Forest Materials,4143,4051,-92
15-Jul-24,Healthcare,399604,416952,17348
15-Jul-24,Information Technology,597930,646225,48295
15-Jul-24,"Media, Entertainment & Publication",13556,14554,998
15-Jul-24,Metals & Mining,219771,218877,-894
15-Jul-24,"Oil, Gas & Consumable Fuels",616324,654704,38380
15-Jul-24,Power,319441,323847,4406
15-Jul-24,Realty,163404,167265,3861
15-Jul-24,Services,154786,158261,3475
15-Jul-24,Telecommunication,263835,263761,-74
15-Jul-24,Textiles,23182,20653,-2529
15-Jul-24,Utilities,2106,2129,23
15-Jul-24,Sovereign,0,0,0
15-Jul-24,Others,26110,25078,-1032
15-Jul-24,Grand Total,7144454,7350365,205911
31-Jul-20,Automobiles & Auto Components,129776,138290,8514
31-Jul-20,Total Financial Services,813980,825974,11994
31-Jul-20,Banks,470682,480327,9645
31-Jul-20,Other Financial Services1,343298,345647,2349
31-Jul-20,Capital Goods,73871,73477,-394
31-Jul-20,Chemicals & Petrochemicals,37781,39467,1686
31-Jul-20,Coal,6059,6053,-6
31-Jul-20,Commercial Services & Supplies,6113,6654,541
31-Jul-20,Construction Materials,46143,48521,2378
31-Jul-20,Consumer Durables,50135,52118,1983
31-Jul-20,Diversified2,5414,5538,124
31-Jul-20,Diversified Consumer Services,1980,1989,9
31-Jul-20,Food & Drugs Retailing,0,0,0
31-Jul-20,"Food, Beverages & Tobacco",98512,98194,-318
31-Jul-20,Forest Materials,634,1113,479
31-Jul-20,General Industrials,12564,13335,771
31-Jul-20,Hardware Technology & Equipment,44,43,-1
31-Jul-20,Healthcare Equipment & Supplies,79,82,3
31-Jul-20,Healthcare Services,20535,22521,1986
31-Jul-20,"Hotels, Restaurants & Tourism",10809,10824,15
31-Jul-20,Household & Personal Products,133066,131921,-1145
31-Jul-20,Insurance,79908,85088,5180
31-Jul-20,Media,16426,14944,-1482
31-Jul-20,Metals & Mining,31035,32721,1686
31-Jul-20,Oil & Gas,331409,372265,40856
31-Jul-20,Pharmaceuticals & Biotechnology,126621,139557,12936
31-Jul-20,Real Estate Investment,0,0,0
31-Jul-20,Realty,21273,21845,572
31-Jul-20,Retailing,38358,38007,-351
31-Jul-20,Software & Services,344757,378020,33263
31-Jul-20,Telecom Services,84777,82474,-2303
31-Jul-20,Telecommunications Equipment,98,91,-7
31-Jul-20,"Textiles, Apparels & Accessories",27921,29236,1315
31-Jul-20,Transportation,29884,30321,437
31-Jul-20,Airlines,5415,5383,-32
31-Jul-20,Logistics,1233,1187,-46
31-Jul-20,Marine Port & Services,11647,11485,-162
31-Jul-20,Roads & Highways,1291,1332,41
31-Jul-20,Shipping,841,853,12
31-Jul-20,Surface Transportation,23,23,0
31-Jul-20,Transport Related Services,7002,7348,346
31-Jul-20,Airport Services,2431,2709,278
31-Jul-20,Utilities3,64440,65913,1473
31-Jul-20,Sovereign,0,0,0
31-Jul-20,Others4,20052,22097,2045
31-Jul-20,Grand Total,2664453,2788693,124240
31-Jul-21,Automobiles & Auto Components,199211,191015,-8196
31-Jul-21,Total Financial Services,1450942,1396742,-54200
31-Jul-21,Banks,843662,802059,-41603
31-Jul-21,Other Financial Services1,607281,594683,-12598
31-Jul-21,Capital Goods,153963,150962,-3001
31-Jul-21,Chemicals & Petrochemicals,82318,82703,385
31-Jul-21,Coal,5942,5865,-77
31-Jul-21,Commercial Services & Supplies,37754,37887,133
31-Jul-21,Construction Materials,97012,100142,3130
31-Jul-21,Consumer Durables,125538,128050,2512
31-Jul-21,Diversified2,12031,13507,1476
31-Jul-21,Diversified Consumer Services,3405,3648,243
31-Jul-21,Food & Drugs Retailing,2,4,2
31-Jul-21,"Food, Beverages & Tobacco",116742,114964,-1778
31-Jul-21,Forest Materials,1913,2076,163
31-Jul-21,General Industrials,37127,37741,614
31-Jul-21,Hardware Technology & Equipment,36,35,-1
31-Jul-21,Healthcare Equipment & Supplies,1414,1451,37
31-Jul-21,Healthcare Services,53982,56871,2889
31-Jul-21,"Hotels, Restaurants & Tourism",26371,30167,3796
31-Jul-21,Household & Personal Products,166065,165211,-854
31-Jul-21,Insurance,116095,115366,-729
31-Jul-21,Media,20656,19776,-880
31-Jul-21,Metals & Mining,104700,115448,10748
31-Jul-21,Oil & Gas,402535,394264,-8271
31-Jul-21,Pharmaceuticals & Biotechnology,183285,180700,-2585
31-Jul-21,Real Estate Investment,0,0,0
31-Jul-21,Realty,50105,50794,689
31-Jul-21,Retailing,65349,76012,10663
31-Jul-21,Software & Services,619169,625884,6715
31-Jul-21,Telecom Services,84009,87189,3180
31-Jul-21,Telecommunications Equipment,304,306,2
31-Jul-21,"Textiles, Apparels & Accessories",50600,51330,730
31-Jul-21,Transportation,59291,55869,-3422
31-Jul-21,Airlines,13635,12255,-1380
31-Jul-21,Logistics,2857,3154,297
31-Jul-21,Marine Port & Services,23535,22319,-1216
31-Jul-21,Roads & Highways,2744,2631,-113
31-Jul-21,Shipping,1472,1295,-177
31-Jul-21,Surface Transportation,88,88,0
31-Jul-21,Transport Related Services,10176,9755,-421
31-Jul-21,Airport Services,4785,4372,-413
31-Jul-21,Utilities3,120599,109509,-11090
31-Jul-21,Sovereign,0,0,0
31-Jul-21,Others4,28140,27929,-211
31-Jul-21,Grand Total,4476607,4429417,-47190
31-Jul-22,Automobile and Auto Components,242393,246894,4501
31-Jul-22,Capital Goods,96913,104987,8074
31-Jul-22,Chemicals,92251,99210,6959
31-Jul-22,Construction,54893,59317,4424
31-Jul-22,Construction Materials,65525,71951,6426
31-Jul-22,Consumer Durables,156558,167725,11167
31-Jul-22,Consumer Services,97688,103088,5400
31-Jul-22,Diversified,1582,1609,27
31-Jul-22,Fast Moving Consumer Goods,295155,303776,8621
31-Jul-22,Financial Services,1335966,1442606,106640
31-Jul-22,Forest Materials,1214,1330,116
31-Jul-22,Healthcare,202246,208520,6274
31-Jul-22,Information Technology,483542,523255,39713
31-Jul-22,"Media, Entertainment & Publication",20012,22028,2016
31-Jul-22,Metals & Mining,119349,134069,14720
31-Jul-22,"Oil, Gas & Consumable Fuels",512787,537275,24488
31-Jul-22,Power,212955,223753,10798
31-Jul-22,Realty,54132,57943,3811
31-Jul-22,Services,71151,74405,3254
31-Jul-22,Telecommunication,100453,107869,7416
31-Jul-22,Textiles,19126,20812,1686
31-Jul-22,Utilities,347,362,15
31-Jul-22,Sovereign,0,0,0
31-Jul-22,Others,10412,9674,-738
31-Jul-22,Grand Total,4246649,4522458,275809
31-Jul-24,Automobile and Auto Components,576949,604398,27449
31-Jul-24,Capital Goods,419579,416645,-2934
31-Jul-24,Chemicals,116088,120612,4524
31-Jul-24,Construction,146785,151722,4937
31-Jul-24,Construction Materials,135321,136945,1624
31-Jul-24,Consumer Durables,212077,218526,6449
31-Jul-24,Consumer Services,297441,305138,7697
31-Jul-24,Diversified,7387,7659,272
31-Jul-24,Fast Moving Consumer Goods,445113,455970,10857
31-Jul-24,Financial Services,2077268,2049902,-27366
31-Jul-24,Forest Materials,4051,4232,181
31-Jul-24,Healthcare,416952,436667,19715
31-Jul-24,Information Technology,646225,690232,44007
31-Jul-24,"Media, Entertainment & Publication",14554,15029,475
31-Jul-24,Metals & Mining,218877,221118,2241
31-Jul-24,"Oil, Gas & Consumable Fuels",654704,636462,-18242
31-Jul-24,Power,323847,334459,10612
31-Jul-24,Realty,167265,164021,-3244
31-Jul-24,Services,158261,162182,3921
31-Jul-24,Telecommunication,263761,277007,13246
31-Jul-24,Textiles,20653,21650,997
31-Jul-24,Utilities,2129,2353,224
31-Jul-24,Sovereign,0,0,0
31-Jul-24,Others,25078,26351,1273
31-Jul-24,Grand Total,7350365,7459279,108914
15-Jun-20,Automobiles & Auto Components,114592,119300,4708
15-Jun-20,Total Financial Services,706390,760775,54385
15-Jun-20,Banks,415061,440181,25120
15-Jun-20,Other Financial Services1,291329,320595,29266
15-Jun-20,Capital Goods,64759,70842,6083
15-Jun-20,Chemicals & Petrochemicals,35099,35688,589
15-Jun-20,Coal,7005,6525,-480
15-Jun-20,Commercial Services & Supplies,5861,5889,28
15-Jun-20,Construction Materials,45192,45569,377
15-Jun-20,Consumer Durables,47112,47202,90
15-Jun-20,Diversified2,5254,5219,-35
15-Jun-20,Diversified Consumer Services,1758,1873,115
15-Jun-20,Food & Drugs Retailing,0,0,0
15-Jun-20,"Food, Beverages & Tobacco",96545,95037,-1508
15-Jun-20,Forest Materials,535,586,51
15-Jun-20,General Industrials,10855,11576,721
15-Jun-20,Hardware Technology & Equipment,47,45,-2
15-Jun-20,Healthcare Equipment & Supplies,68,67,-1
15-Jun-20,Healthcare Services,18415,19008,593
15-Jun-20,"Hotels, Restaurants & Tourism",10186,11065,879
15-Jun-20,Household & Personal Products,125437,123200,-2237
15-Jun-20,Insurance,66936,69271,2335
15-Jun-20,Media,17456,16491,-965
15-Jun-20,Metals & Mining,27356,28773,1417
15-Jun-20,Oil & Gas,271292,298482,27190
15-Jun-20,Pharmaceuticals & Biotechnology,116816,121982,5166
15-Jun-20,Real Estate Investment,0,0,0
15-Jun-20,Realty,19807,21882,2075
15-Jun-20,Retailing,34738,37682,2944
15-Jun-20,Software & Services,296499,302762,6263
15-Jun-20,Telecom Services,89120,85499,-3621
15-Jun-20,Telecommunications Equipment,76,96,20
15-Jun-20,"Textiles, Apparels & Accessories",26629,27510,881
15-Jun-20,Transportation,28356,30006,1650
15-Jun-20,Airlines,5194,5587,393
15-Jun-20,Logistics,1056,1167,111
15-Jun-20,Marine Port & Services,11823,12550,727
15-Jun-20,Roads & Highways,911,997,86
15-Jun-20,Shipping,770,814,44
15-Jun-20,Surface Transportation,22,23,1
15-Jun-20,Transport Related Services,6199,6269,70
15-Jun-20,Airport Services,2382,2599,217
15-Jun-20,Utilities3,65767,67173,1406
15-Jun-20,Sovereign,0,0,0
15-Jun-20,Others4,12545,18054,5509
15-Jun-20,Grand Total,2368500,2485128,116628
15-Jun-21,Automobiles & Auto Components,197473,201815,4342
15-Jun-21,Total Financial Services,1419879,1435763,15884
15-Jun-21,Banks,839817,833277,-6540
15-Jun-21,Other Financial Services1,580062,602485,22423
15-Jun-21,Capital Goods,171035,175494,4459
15-Jun-21,Chemicals & Petrochemicals,74290,78522,4232
15-Jun-21,Coal,6056,6511,455
15-Jun-21,Commercial Services & Supplies,34811,39636,4825
15-Jun-21,Construction Materials,89195,90626,1431
15-Jun-21,Consumer Durables,103478,107947,4469
15-Jun-21,Diversified2,10186,11423,1237
15-Jun-21,Diversified Consumer Services,2999,3141,142
15-Jun-21,Food & Drugs Retailing,0,1,1
15-Jun-21,"Food, Beverages & Tobacco",114978,114041,-937
15-Jun-21,Forest Materials,1579,1695,116
15-Jun-21,General Industrials,32207,34663,2456
15-Jun-21,Hardware Technology & Equipment,38,27,-11
15-Jun-21,Healthcare Equipment & Supplies,1404,1310,-94
15-Jun-21,Healthcare Services,46092,48736,2644
15-Jun-21,"Hotels, Restaurants & Tourism",25413,26360,947
15-Jun-21,Household & Personal Products,156058,162816,6758
15-Jun-21,Insurance,101959,106561,4602
15-Jun-21,Media,21125,22151,1026
15-Jun-21,Metals & Mining,99133,101385,2252
15-Jun-21,Oil & Gas,426238,447966,21728
15-Jun-21,Pharmaceuticals & Biotechnology,175942,180249,4307
15-Jun-21,Real Estate Investment,0,0,0
15-Jun-21,Realty,43106,45862,2756
15-Jun-21,Retailing,57917,63371,5454
15-Jun-21,Software & Services,568065,592586,24521
15-Jun-21,Telecom Services,83978,87947,3969
15-Jun-21,Telecommunications Equipment,171,193,22
15-Jun-21,"Textiles, Apparels & Accessories",45768,49119,3351
15-Jun-21,Transportation,62274,63075,801
15-Jun-21,Airlines,13158,13423,265
15-Jun-21,Logistics,2671,2852,181
15-Jun-21,Marine Port & Services,28084,27661,-423
15-Jun-21,Roads & Highways,2340,2456,116
15-Jun-21,Shipping,1548,1550,2
15-Jun-21,Surface Transportation,75,92,17
15-Jun-21,Transport Related Services,10491,10432,-59
15-Jun-21,Airport Services,3906,4610,704
15-Jun-21,Utilities3,126722,135579,8857
15-Jun-21,Sovereign,0,0,0
15-Jun-21,Others4,21760,30726,8966
15-Jun-21,Grand Total,4321328,4467296,145968
15-Jun-22,Automobile and Auto Components,228813,220158,-8655
15-Jun-22,Capital Goods,94510,92798,-1712
15-Jun-22,Chemicals,97732,91631,-6101
15-Jun-22,Construction,54644,51817,-2827
15-Jun-22,Construction Materials,70495,63271,-7224
15-Jun-22,Consumer Durables,160593,147510,-13083
15-Jun-22,Consumer Services,102462,94901,-7561
15-Jun-22,Diversified,1469,1481,12
15-Jun-22,Fast Moving Consumer Goods,278116,258961,-19155
15-Jun-22,Financial Services,1394240,1285636,-108604
15-Jun-22,Forest Materials,1191,1181,-10
15-Jun-22,Healthcare,206172,198030,-8142
15-Jun-22,Information Technology,545067,509373,-35694
15-Jun-22,"Media, Entertainment & Publication",21250,19451,-1799
15-Jun-22,Metals & Mining,134022,123414,-10608
15-Jun-22,"Oil, Gas & Consumable Fuels",555923,545683,-10240
15-Jun-22,Power,199855,187532,-12323
15-Jun-22,Realty,52991,50316,-2675
15-Jun-22,Services,72431,69091,-3340
15-Jun-22,Telecommunication,108740,103657,-5083
15-Jun-22,Textiles,20479,18647,-1832
15-Jun-22,Utilities,372,333,-39
15-Jun-22,Sovereign,0,0,0
15-Jun-22,Others,10425,15736,5311
15-Jun-22,Grand Total,4411991,4150609,-261382
30-Jun-20,Automobiles & Auto Components,119300,125847,6547
30-Jun-20,Total Financial Services,760771,810876,50105
30-Jun-20,Banks,440181,475905,35724
30-Jun-20,Other Financial Services1,320590,334971,14381
30-Jun-20,Capital Goods,70842,74567,3725
30-Jun-20,Chemicals & Petrochemicals,35688,36256,568
30-Jun-20,Coal,6525,6476,-49
30-Jun-20,Commercial Services & Supplies,5889,6208,319
30-Jun-20,Construction Materials,45569,47781,2212
30-Jun-20,Consumer Durables,47202,49585,2383
30-Jun-20,Diversified2,5219,5242,23
30-Jun-20,Diversified Consumer Services,1873,1915,42
30-Jun-20,Food & Drugs Retailing,0,0,0
30-Jun-20,"Food, Beverages & Tobacco",95037,98713,3676
30-Jun-20,Forest Materials,586,637,51
30-Jun-20,General Industrials,11576,12043,467
30-Jun-20,Hardware Technology & Equipment,45,45,0
30-Jun-20,Healthcare Equipment & Supplies,67,67,0
30-Jun-20,Healthcare Services,19008,18655,-353
30-Jun-20,"Hotels, Restaurants & Tourism",11065,10979,-86
30-Jun-20,Household & Personal Products,123200,129424,6224
30-Jun-20,Insurance,69271,76169,6898
30-Jun-20,Media,16491,17101,610
30-Jun-20,Metals & Mining,28773,29681,908
30-Jun-20,Oil & Gas,298482,312514,14032
30-Jun-20,Pharmaceuticals & Biotechnology,121982,123041,1059
30-Jun-20,Real Estate Investment,0,0,0
30-Jun-20,Realty,21882,22394,512
30-Jun-20,Retailing,37682,38286,604
30-Jun-20,Software & Services,302762,311359,8597
30-Jun-20,Telecom Services,85499,86215,716
30-Jun-20,Telecommunications Equipment,96,127,31
30-Jun-20,"Textiles, Apparels & Accessories",27510,28011,501
30-Jun-20,Transportation,30006,30727,721
30-Jun-20,Airlines,5587,5672,85
30-Jun-20,Logistics,1167,1151,-16
30-Jun-20,Marine Port & Services,12550,12639,89
30-Jun-20,Roads & Highways,997,1110,113
30-Jun-20,Shipping,814,820,6
30-Jun-20,Surface Transportation,23,23,0
30-Jun-20,Transport Related Services,6269,6799,530
30-Jun-20,Airport Services,2599,2511,-88
30-Jun-20,Utilities3,67171,69099,1928
30-Jun-20,Sovereign,0,0,0
30-Jun-20,Others4,18060,18914,854
30-Jun-20,Grand Total,2485128,2598955,113827
30-Jun-21,Automobiles & Auto Components,201815,200913,-902
30-Jun-21,Total Financial Services,1435763,1407853,-27910
30-Jun-21,Banks,833277,821752,-11525
30-Jun-21,Other Financial Services1,602485,586101,-16384
30-Jun-21,Capital Goods,175494,155881,-19613
30-Jun-21,Chemicals & Petrochemicals,78522,78212,-310
30-Jun-21,Coal,6511,5952,-559
30-Jun-21,Commercial Services & Supplies,39636,38919,-717
30-Jun-21,Construction Materials,90626,90919,293
30-Jun-21,Consumer Durables,107947,121776,13829
30-Jun-21,Diversified2,11423,11705,282
30-Jun-21,Diversified Consumer Services,3141,3146,5
30-Jun-21,Food & Drugs Retailing,1,1,0
30-Jun-21,"Food, Beverages & Tobacco",114041,116113,2072
30-Jun-21,Forest Materials,1695,1789,94
30-Jun-21,General Industrials,34663,36096,1433
30-Jun-21,Hardware Technology & Equipment,27,34,7
30-Jun-21,Healthcare Equipment & Supplies,1310,1449,139
30-Jun-21,Healthcare Services,48736,51701,2965
30-Jun-21,"Hotels, Restaurants & Tourism",26360,25617,-743
30-Jun-21,Household & Personal Products,162816,164386,1570
30-Jun-21,Insurance,106561,109880,3319
30-Jun-21,Media,22151,20521,-1630
30-Jun-21,Metals & Mining,101385,98177,-3208
30-Jun-21,Oil & Gas,447966,410131,-37835
30-Jun-21,Pharmaceuticals & Biotechnology,180249,180523,274
30-Jun-21,Real Estate Investment,0,0,0
30-Jun-21,Realty,45862,44119,-1743
30-Jun-21,Retailing,63371,63138,-233
30-Jun-21,Software & Services,592586,616380,23794
30-Jun-21,Telecom Services,87947,84052,-3895
30-Jun-21,Telecommunications Equipment,193,255,62
30-Jun-21,"Textiles, Apparels & Accessories",49119,48880,-239
30-Jun-21,Transportation,63075,59168,-3907
30-Jun-21,Airlines,13423,12812,-611
30-Jun-21,Logistics,2852,2784,-68
30-Jun-21,Marine Port & Services,27661,23799,-3862
30-Jun-21,Roads & Highways,2456,2641,185
30-Jun-21,Shipping,1550,1491,-59
30-Jun-21,Surface Transportation,92,89,-3
30-Jun-21,Transport Related Services,10432,10731,299
30-Jun-21,Airport Services,4610,4821,211
30-Jun-21,Utilities3,135579,122550,-13029
30-Jun-21,Sovereign,0,0,0
30-Jun-21,Others4,30726,27724,-3002
30-Jun-21,Grand Total,4467296,4397960,-69336
30-Jun-22,Automobile and Auto Components,220158,229758,9600
30-Jun-22,Capital Goods,92798,92721,-77
30-Jun-22,Chemicals,91631,87412,-4219
30-Jun-22,Construction,51817,50669,-1148
30-Jun-22,Construction Materials,63271,63013,-258
30-Jun-22,Consumer Durables,147510,143724,-3786
30-Jun-22,Consumer Services,94901,90969,-3932
30-Jun-22,Diversified,1481,1546,65
30-Jun-22,Fast Moving Consumer Goods,258961,265865,6904
30-Jun-22,Financial Services,1285636,1284931,-705
30-Jun-22,Forest Materials,1181,1195,14
30-Jun-22,Healthcare,198030,195204,-2826
30-Jun-22,Information Technology,509373,510308,935
30-Jun-22,"Media, Entertainment & Publication",19451,18994,-457
30-Jun-22,Metals & Mining,123414,114936,-8478
30-Jun-22,"Oil, Gas & Consumable Fuels",545683,538924,-6759
30-Jun-22,Power,187532,195851,8319
30-Jun-22,Realty,50316,49682,-634
30-Jun-22,Services,69091,65848,-3243
30-Jun-22,Telecommunication,103657,102684,-973
30-Jun-22,Textiles,18647,17992,-655
30-Jun-22,Utilities,333,336,3
30-Jun-22,Sovereign,0,0,0
30-Jun-22,Others,15736,9470,-6266
30-Jun-22,Grand Total,4150609,4132029,-18580
15-Mar-23,Automobile and Auto Components,261143,254734,-6409
15-Mar-23,Capital Goods,135845,134467,-1378
15-Mar-23,Chemicals,92854,92805,-49
15-Mar-23,Construction,77000,80682,3682
15-Mar-23,Construction Materials,77897,77233,-664
15-Mar-23,Consumer Durables,149407,147908,-1499
15-Mar-23,Consumer Services,102991,101126,-1865
15-Mar-23,Diversified,2814,2800,-14
15-Mar-23,Fast Moving Consumer Goods,323108,320226,-2882
15-Mar-23,Financial Services,1494557,1448187,-46370
15-Mar-23,Forest Materials,1771,1787,16
15-Mar-23,Healthcare,219723,218278,-1445
15-Mar-23,Information Technology,511446,491209,-20237
15-Mar-23,"Media, Entertainment & Publication",17107,16821,-286
15-Mar-23,Metals & Mining,118820,134240,15420
15-Mar-23,"Oil, Gas & Consumable Fuels",450791,442430,-8361
15-Mar-23,Power,123729,146019,22290
15-Mar-23,Realty,50954,50104,-850
15-Mar-23,Services,68240,78395,10155
15-Mar-23,Telecommunication,113635,113247,-388
15-Mar-23,Textiles,16680,16355,-325
15-Mar-23,Utilities,528,543,15
15-Mar-23,Sovereign,0,0,0
15-Mar-23,Others,10016,10069,53
15-Mar-23,Grand Total,4421059,4379667,-41392
15-Mar-24,Automobile and Auto Components,451765,438942,-12823
15-Mar-24,Capital Goods,292549,284568,-7981
15-Mar-24,Chemicals,95726,96548,822
15-Mar-24,Construction,136492,137120,628
15-Mar-24,Construction Materials,116166,112688,-3478
15-Mar-24,Consumer Durables,196896,193147,-3749
15-Mar-24,Consumer Services,218267,218516,249
15-Mar-24,Diversified,4174,3907,-267
15-Mar-24,Fast Moving Consumer Goods,402006,411273,9267
15-Mar-24,Financial Services,1821845,1829059,7214
15-Mar-24,Forest Materials,2729,2637,-92
15-Mar-24,Healthcare,376424,361725,-14699
15-Mar-24,Information Technology,651058,644912,-6146
15-Mar-24,"Media, Entertainment & Publication",13719,12261,-1458
15-Mar-24,Metals & Mining,186641,184179,-2462
15-Mar-24,"Oil, Gas & Consumable Fuels",600850,579763,-21087
15-Mar-24,Power,283009,272974,-10035
15-Mar-24,Realty,128021,120817,-7204
15-Mar-24,Services,129424,129363,-61
15-Mar-24,Telecommunication,178286,197678,19392
15-Mar-24,Textiles,19254,18667,-587
15-Mar-24,Utilities,1212,1102,-110
15-Mar-24,Sovereign,0,0,0
15-Mar-24,Others,21185,20822,-363
15-Mar-24,Grand Total,6327698,6272669,-55029
31-Mar-23,Automobile and Auto Components,254734,252949,-1785
31-Mar-23,Capital Goods,134467,136503,2036
31-Mar-23,Chemicals,92805,94397,1592
31-Mar-23,Construction,80682,81404,722
31-Mar-23,Construction Materials,77233,82424,5191
31-Mar-23,Consumer Durables,147908,148719,811
31-Mar-23,Consumer Services,101126,103435,2309
31-Mar-23,Diversified,2800,2761,-39
31-Mar-23,Fast Moving Consumer Goods,320226,332767,12541
31-Mar-23,Financial Services,1448187,1495819,47632
31-Mar-23,Forest Materials,1787,1897,110
31-Mar-23,Healthcare,218278,220571,2293
31-Mar-23,Information Technology,491209,489322,-1887
31-Mar-23,"Media, Entertainment & Publication",16821,17472,651
31-Mar-23,Metals & Mining,134240,130571,-3669
31-Mar-23,"Oil, Gas & Consumable Fuels",442430,450559,8129
31-Mar-23,Power,146019,149148,3129
31-Mar-23,Realty,50104,51177,1073
31-Mar-23,Services,78395,77127,-1268
31-Mar-23,Telecommunication,113247,111860,-1387
31-Mar-23,Textiles,16355,15516,-839
31-Mar-23,Utilities,543,572,29
31-Mar-23,Sovereign,0,0,0
31-Mar-23,Others,10069,11559,1490
31-Mar-23,Grand Total,4379667,4458528,78861
31-Mar-24,Automobile and Auto Components,438942,483285,44343
31-Mar-24,Capital Goods,284568,292688,8120
31-Mar-24,Chemicals,96548,98871,2323
31-Mar-24,Construction,137120,147449,10329
31-Mar-24,Construction Materials,112688,114615,1927
31-Mar-24,Consumer Durables,193147,196554,3407
31-Mar-24,Consumer Services,218516,235318,16802
31-Mar-24,Diversified,3907,5971,2064
31-Mar-24,Fast Moving Consumer Goods,411273,403421,-7852
31-Mar-24,Financial Services,1829059,1860055,30996
31-Mar-24,Forest Materials,2637,2704,67
31-Mar-24,Healthcare,361725,378195,16470
31-Mar-24,Information Technology,644912,586165,-58747
31-Mar-24,"Media, Entertainment & Publication",12261,12059,-202
31-Mar-24,Metals & Mining,184179,194684,10505
31-Mar-24,"Oil, Gas & Consumable Fuels",579763,603522,23759
31-Mar-24,Power,272974,279712,6738
31-Mar-24,Realty,120817,129254,8437
31-Mar-24,Services,129363,135131,5768
31-Mar-24,Telecommunication,197678,202417,4739
31-Mar-24,Textiles,18667,18716,49
31-Mar-24,Utilities,1102,1566,464
31-Mar-24,Sovereign,0,0,0
31-Mar-24,Others,20822,33369,12547
31-Mar-24,Grand Total,6272669,6415723,143054
15-May-23,Automobile and Auto Components,274514,296814,22300
15-May-23,Capital Goods,145019,153117,8098
15-May-23,Chemicals,100399,99955,-444
15-May-23,Construction,89669,85575,-4094
15-May-23,Construction Materials,83464,85809,2345
15-May-23,Consumer Durables,153231,161680,8449
15-May-23,Consumer Services,110577,114962,4385
15-May-23,Diversified,2987,3097,110
15-May-23,Fast Moving Consumer Goods,343937,359793,15856
15-May-23,Financial Services,1595764,1640061,44297
15-May-23,Forest Materials,2028,2180,152
15-May-23,Healthcare,232435,238328,5893
15-May-23,Information Technology,462248,469808,7560
15-May-23,"Media, Entertainment & Publication",16792,16377,-415
15-May-23,Metals & Mining,142877,140598,-2279
15-May-23,"Oil, Gas & Consumable Fuels",470227,480895,10668
15-May-23,Power,156898,152669,-4229
15-May-23,Realty,58247,62413,4166
15-May-23,Services,82099,86322,4223
15-May-23,Telecommunication,119202,119241,39
15-May-23,Textiles,17028,17554,526
15-May-23,Utilities,612,667,55
15-May-23,Sovereign,0,0,0
15-May-23,Others,10518,10803,285
15-May-23,Grand Total,4670771,4798718,127947
15-May-24,Automobile and Auto Components,507247,513478,6231
15-May-24,Capital Goods,329054,349516,20462
15-May-24,Chemicals,105526,101643,-3883
15-May-24,Construction,144517,134689,-9828
15-May-24,Construction Materials,115258,112149,-3109
15-May-24,Consumer Durables,199567,192396,-7171
15-May-24,Consumer Services,250517,250079,-438
15-May-24,Diversified,6406,5888,-518
15-May-24,Fast Moving Consumer Goods,400346,403890,3544
15-May-24,Financial Services,1930820,1846342,-84478
15-May-24,Forest Materials,3219,3136,-83
15-May-24,Healthcare,377756,374931,-2825
15-May-24,Information Technology,563600,557013,-6587
15-May-24,"Media, Entertainment & Publication",12797,12089,-708
15-May-24,Metals & Mining,209767,212099,2332
15-May-24,"Oil, Gas & Consumable Fuels",605043,584631,-20412
15-May-24,Power,305933,307533,1600
15-May-24,Realty,140263,138643,-1620
15-May-24,Services,145255,147492,2237
15-May-24,Telecommunication,229378,227512,-1866
15-May-24,Textiles,20240,20427,187
15-May-24,Utilities,1824,1773,-51
15-May-24,Sovereign,0,0,0
15-May-24,Others,23348,31993,8645
15-May-24,Grand Total,6627680,6529339,-98341
31-May-23,Automobile and Auto Components,296814,306665,9851
31-May-23,Capital Goods,153117,160343,7226
31-May-23,Chemicals,99955,101104,1149
31-May-23,Construction,85575,84330,-1245
31-May-23,Construction Materials,85809,88096,2287
31-May-23,Consumer Durables,161680,166522,4842
31-May-23,Consumer Services,114962,120637,5675
31-May-23,Diversified,3097,3202,105
31-May-23,Fast Moving Consumer Goods,359793,370221,10428
31-May-23,Financial Services,1640061,1646306,6245
31-May-23,Forest Materials,2180,2044,-136
31-May-23,Healthcare,238328,245375,7047
31-May-23,Information Technology,469808,487869,18061
31-May-23,"Media, Entertainment & Publication",16377,16096,-281
31-May-23,Metals & Mining,140598,150237,9639
31-May-23,"Oil, Gas & Consumable Fuels",480895,476503,-4392
31-May-23,Power,152669,152006,-663
31-May-23,Realty,62413,58352,-4061
31-May-23,Services,86322,87557,1235
31-May-23,Telecommunication,119241,127474,8233
31-May-23,Textiles,17554,16706,-848
31-May-23,Utilities,667,707,40
31-May-23,Sovereign,0,0,0
31-May-23,Others,10803,11277,474
31-May-23,Grand Total,4798718,4879628,80910
31-May-24,Automobile and Auto Components,513478,523996,10518
31-May-24,Capital Goods,349516,375815,26299
31-May-24,Chemicals,101643,100951,-692
31-May-24,Construction,134689,146151,11462
31-May-24,Construction Materials,112149,112786,637
31-May-24,Consumer Durables,192396,197892,5496
31-May-24,Consumer Services,250079,243750,-6329
31-May-24,Diversified,5888,5995,107
31-May-24,Fast Moving Consumer Goods,403890,397024,-6866
31-May-24,Financial Services,1846342,1896907,50565
31-May-24,Forest Materials,3136,3209,73
31-May-24,Healthcare,374931,369812,-5119
31-May-24,Information Technology,557013,542783,-14230
31-May-24,"Media, Entertainment & Publication",12089,12621,532
31-May-24,Metals & Mining,212099,222899,10800
31-May-24,"Oil, Gas & Consumable Fuels",584631,589641,5010
31-May-24,Power,307533,317445,9912
31-May-24,Realty,138643,147421,8778
31-May-24,Services,147492,147341,-151
31-May-24,Telecommunication,227512,239560,12048
31-May-24,Textiles,20427,20543,116
31-May-24,Utilities,1773,1776,3
31-May-24,Sovereign,0,0,0
31-May-24,Others,31993,24290,-7703
31-May-24,Grand Total,6529339,6640608,111269
15-Mar-21,Automobiles & Auto Components,191159,197783,6624
15-Mar-21,Total Financial Services,1395789,1411893,16104
15-Mar-21,Banks,829312,842742,13430
15-Mar-21,Other Financial Services1,566477,569151,2674
15-Mar-21,Capital Goods,163588,165407,1819
15-Mar-21,Chemicals & Petrochemicals,55327,58585,3258
15-Mar-21,Coal,6462,6086,-376
15-Mar-21,Commercial Services & Supplies,23504,24852,1348
15-Mar-21,Construction Materials,77752,83535,5783
15-Mar-21,Consumer Durables,88364,91653,3289
15-Mar-21,Diversified2,9362,9476,114
15-Mar-21,Diversified Consumer Services,3040,3164,124
15-Mar-21,Food & Drugs Retailing,1,0,-1
15-Mar-21,"Food, Beverages & Tobacco",106053,106072,19
15-Mar-21,Forest Materials,1533,1461,-72
15-Mar-21,General Industrials,27389,29337,1948
15-Mar-21,Hardware Technology & Equipment,52,51,-1
15-Mar-21,Healthcare Equipment & Supplies,766,1058,292
15-Mar-21,Healthcare Services,41543,42340,797
15-Mar-21,"Hotels, Restaurants & Tourism",23440,23541,101
15-Mar-21,Household & Personal Products,134906,138754,3848
15-Mar-21,Insurance,96264,98762,2498
15-Mar-21,Media,20478,22247,1769
15-Mar-21,Metals & Mining,71094,73708,2614
15-Mar-21,Oil & Gas,396896,419998,23102
15-Mar-21,Pharmaceuticals & Biotechnology,151148,151433,285
15-Mar-21,Real Estate Investment,0,0,0
15-Mar-21,Realty,39422,39471,49
15-Mar-21,Retailing,62299,63245,946
15-Mar-21,Software & Services,513009,551499,38490
15-Mar-21,Telecom Services,87430,83381,-4049
15-Mar-21,Telecommunications Equipment,105,103,-2
15-Mar-21,"Textiles, Apparels & Accessories",40491,42515,2024
15-Mar-21,Transportation,54823,57137,2314
15-Mar-21,Airlines,10928,11429,501
15-Mar-21,Logistics,2109,2360,251
15-Mar-21,Marine Port & Services,26521,27766,1245
15-Mar-21,Roads & Highways,2496,2459,-37
15-Mar-21,Shipping,1017,1068,51
15-Mar-21,Surface Transportation,30,31,1
15-Mar-21,Transport Related Services,8159,8200,41
15-Mar-21,Airport Services,3563,3824,261
15-Mar-21,Utilities3,100713,105792,5079
15-Mar-21,Sovereign,0,0,0
15-Mar-21,Others4,25405,16734,-8671
15-Mar-21,Grand Total,4009610,4121072,111462
15-Mar-22,Automobiles & Auto Components,192841,174340,-18501
15-Mar-22,Total Financial Services,1378160,1302984,-75176
15-Mar-22,Banks,813917,769090,-44827
15-Mar-22,Other Financial Services1,564243,533894,-30349
15-Mar-22,Capital Goods,145593,137306,-8287
15-Mar-22,Chemicals & Petrochemicals,76958,80961,4003
15-Mar-22,Coal,7358,7439,81
15-Mar-22,Commercial Services & Supplies,37773,38473,700
15-Mar-22,Construction Materials,81145,72561,-8584
15-Mar-22,Consumer Durables,130664,120789,-9875
15-Mar-22,Diversified2,14900,14814,-86
15-Mar-22,Diversified Consumer Services,6360,6113,-247
15-Mar-22,Food & Drugs Retailing,385,345,-40
15-Mar-22,"Food, Beverages & Tobacco",118455,122056,3601
15-Mar-22,Forest Materials,2193,2447,254
15-Mar-22,General Industrials,35218,34461,-757
15-Mar-22,Hardware Technology & Equipment,78,78,0
15-Mar-22,Healthcare Equipment & Supplies,1584,1632,48
15-Mar-22,Healthcare Services,58171,58649,478
15-Mar-22,"Hotels, Restaurants & Tourism",29971,26933,-3038
15-Mar-22,Household & Personal Products,142949,134732,-8217
15-Mar-22,Insurance,96240,91225,-5015
15-Mar-22,Media,17467,18613,1146
15-Mar-22,Metals & Mining,115121,116478,1357
15-Mar-22,Oil & Gas,479755,478572,-1183
15-Mar-22,Pharmaceuticals & Biotechnology,153432,157963,4531
15-Mar-22,Real Estate Investment,0,0,0
15-Mar-22,Realty,57520,55259,-2261
15-Mar-22,Retailing,80639,79877,-762
15-Mar-22,Software & Services,641185,665220,24035
15-Mar-22,Telecom Services,108790,109836,1046
15-Mar-22,Telecommunications Equipment,738,739,1
15-Mar-22,"Textiles, Apparels & Accessories",74662,75109,447
15-Mar-22,Transportation,56854,55841,-1013
15-Mar-22,Airlines,13095,12398,-697
15-Mar-22,Logistics,2254,2252,-2
15-Mar-22,Marine Port & Services,23079,22984,-95
15-Mar-22,Roads & Highways,1988,1904,-84
15-Mar-22,Shipping,1299,1396,97
15-Mar-22,Surface Transportation,125,117,-8
15-Mar-22,Transport Related Services,8825,8586,-239
15-Mar-22,Airport Services,6189,6204,15
15-Mar-22,Utilities3,195759,195707,-52
15-Mar-22,Sovereign,0,0,0
15-Mar-22,Others4,15938,16725,787
15-Mar-22,Grand Total,4554857,4454274,-100583
31-Mar-21,Automobiles & Auto Components,197783,188896,-8887
31-Mar-21,Total Financial Services,1411893,1357048,-54845
31-Mar-21,Banks,842742,799410,-43332
31-Mar-21,Other Financial Services1,569151,557638,-11513
31-Mar-21,Capital Goods,165407,160050,-5357
31-Mar-21,Chemicals & Petrochemicals,58585,62031,3446
31-Mar-21,Coal,6086,5269,-817
31-Mar-21,Commercial Services & Supplies,24852,28209,3357
31-Mar-21,Construction Materials,83535,88136,4601
31-Mar-21,Consumer Durables,91653,93769,2116
31-Mar-21,Diversified2,9476,9351,-125
31-Mar-21,Diversified Consumer Services,3164,3202,38
31-Mar-21,Food & Drugs Retailing,0,0,0
31-Mar-21,"Food, Beverages & Tobacco",106072,111730,5658
31-Mar-21,Forest Materials,1461,1359,-102
31-Mar-21,General Industrials,29337,27069,-2268
31-Mar-21,Hardware Technology & Equipment,51,43,-8
31-Mar-21,Healthcare Equipment & Supplies,1058,1054,-4
31-Mar-21,Healthcare Services,42340,43132,792
31-Mar-21,"Hotels, Restaurants & Tourism",23541,22682,-859
31-Mar-21,Household & Personal Products,138754,149554,10800
31-Mar-21,Insurance,98762,99581,819
31-Mar-21,Media,22247,20701,-1546
31-Mar-21,Metals & Mining,73708,74858,1150
31-Mar-21,Oil & Gas,419998,392757,-27241
31-Mar-21,Pharmaceuticals & Biotechnology,151433,152231,798
31-Mar-21,Real Estate Investment,0,0,0
31-Mar-21,Realty,39471,41341,1870
31-Mar-21,Retailing,63245,57029,-6216
31-Mar-21,Software & Services,551499,554810,3311
31-Mar-21,Telecom Services,83381,83312,-69
31-Mar-21,Telecommunications Equipment,103,103,0
31-Mar-21,"Textiles, Apparels & Accessories",42515,44204,1689
31-Mar-21,Transportation,57137,56275,-862
31-Mar-21,Airlines,11429,11754,325
31-Mar-21,Logistics,2360,2299,-61
31-Mar-21,Marine Port & Services,27766,26575,-1191
31-Mar-21,Roads & Highways,2459,2298,-161
31-Mar-21,Shipping,1068,1029,-39
31-Mar-21,Surface Transportation,31,36,5
31-Mar-21,Transport Related Services,8200,8797,597
31-Mar-21,Airport Services,3824,3488,-336
31-Mar-21,Utilities3,105792,106322,530
31-Mar-21,Sovereign,0,0,0
31-Mar-21,Others4,16734,23684,6950
31-Mar-21,Grand Total,4121072,4059793,-61279
31-Mar-22,Automobiles & Auto Components,174340,183254,8914
31-Mar-22,Total Financial Services,1302984,1366611,63627
31-Mar-22,Banks,769090,797471,28381
31-Mar-22,Other Financial Services1,533894,569140,35246
31-Mar-22,Capital Goods,137306,142313,5007
31-Mar-22,Chemicals & Petrochemicals,80961,86729,5768
31-Mar-22,Coal,7439,8004,565
31-Mar-22,Commercial Services & Supplies,38473,44103,5630
31-Mar-22,Construction Materials,72561,76120,3559
31-Mar-22,Consumer Durables,120789,124693,3904
31-Mar-22,Diversified2,14814,16559,1745
31-Mar-22,Diversified Consumer Services,6113,6760,647
31-Mar-22,Food & Drugs Retailing,345,365,20
31-Mar-22,"Food, Beverages & Tobacco",122056,127877,5821
31-Mar-22,Forest Materials,2447,2836,389
31-Mar-22,General Industrials,34461,36122,1661
31-Mar-22,Hardware Technology & Equipment,78,87,9
31-Mar-22,Healthcare Equipment & Supplies,1632,1884,252
31-Mar-22,Healthcare Services,58649,57513,-1136
31-Mar-22,"Hotels, Restaurants & Tourism",26933,29349,2416
31-Mar-22,Household & Personal Products,134732,132967,-1765
31-Mar-22,Insurance,91225,96512,5287
31-Mar-22,Media,18613,20775,2162
31-Mar-22,Metals & Mining,116478,126792,10314
31-Mar-22,Oil & Gas,478572,533125,54553
31-Mar-22,Pharmaceuticals & Biotechnology,157963,161649,3686
31-Mar-22,Real Estate Investment,0,0,0
31-Mar-22,Realty,55259,60751,5492
31-Mar-22,Retailing,79877,80601,724
31-Mar-22,Software & Services,665220,689838,24618
31-Mar-22,Telecom Services,109836,118186,8350
31-Mar-22,Telecommunications Equipment,739,779,40
31-Mar-22,"Textiles, Apparels & Accessories",75109,75713,604
31-Mar-22,Transportation,55841,60647,4806
31-Mar-22,Airlines,12398,13772,1374
31-Mar-22,Logistics,2252,3161,909
31-Mar-22,Marine Port & Services,22984,24158,1174
31-Mar-22,Roads & Highways,1904,2067,163
31-Mar-22,Shipping,1396,1413,17
31-Mar-22,Surface Transportation,117,124,7
31-Mar-22,Transport Related Services,8586,9787,1201
31-Mar-22,Airport Services,6204,6164,-40
31-Mar-22,Utilities3,195707,208308,12601
31-Mar-22,Sovereign,0,0,0
31-Mar-22,Others4,16725,12693,-4032
31-Mar-22,Grand Total,4454274,4690514,236240
15-Mar-20,Automobiles & Auto Components,131467,118704,-12763
15-Mar-20,Total Financial Services,1089379,952460,-136919
15-Mar-20,Banks,638225,548765,-89460
15-Mar-20,Other Financial Services1,451154,403695,-47459
15-Mar-20,Capital Goods,82518,71472,-11046
15-Mar-20,Chemicals & Petrochemicals,42379,36074,-6305
15-Mar-20,Coal,8662,7772,-890
15-Mar-20,Commercial Services & Supplies,8591,6637,-1954
15-Mar-20,Construction Materials,55591,48582,-7009
15-Mar-20,Consumer Durables,53024,50188,-2836
15-Mar-20,Diversified2,6818,6100,-718
15-Mar-20,Diversified Consumer Services,2721,2532,-189
15-Mar-20,Food & Drugs Retailing,0,0,0
15-Mar-20,"Food, Beverages & Tobacco",100171,86272,-13899
15-Mar-20,Forest Materials,863,686,-177
15-Mar-20,General Industrials,14578,12569,-2009
15-Mar-20,Hardware Technology & Equipment,56,41,-15
15-Mar-20,Healthcare Equipment & Supplies,83,73,-10
15-Mar-20,Healthcare Services,22894,20344,-2550
15-Mar-20,"Hotels, Restaurants & Tourism",13615,11411,-2204
15-Mar-20,Household & Personal Products,107712,99263,-8449
15-Mar-20,Insurance,72516,63533,-8983
15-Mar-20,Media,22024,17387,-4637
15-Mar-20,Metals & Mining,37171,30397,-6774
15-Mar-20,Oil & Gas,262866,216216,-46650
15-Mar-20,Pharmaceuticals & Biotechnology,100330,92940,-7390
15-Mar-20,Real Estate Investment,0,0,0
15-Mar-20,Realty,30581,25600,-4981
15-Mar-20,Retailing,43172,36522,-6650
15-Mar-20,Software & Services,325215,287591,-37624
15-Mar-20,Telecom Services,80612,77847,-2765
15-Mar-20,Telecommunications Equipment,125,94,-31
15-Mar-20,"Textiles, Apparels & Accessories",38925,33941,-4984
15-Mar-20,Transportation,36051,29078,-6973
15-Mar-20,Airlines,7484,5536,-1948
15-Mar-20,Logistics,1636,1373,-263
15-Mar-20,Marine Port & Services,13825,11828,-1997
15-Mar-20,Roads & Highways,1366,1154,-212
15-Mar-20,Shipping,968,910,-58
15-Mar-20,Surface Transportation,34,26,-8
15-Mar-20,Transport Related Services,8356,6220,-2136
15-Mar-20,Airport Services,2383,2031,-352
15-Mar-20,Utilities3,78404,68379,-10025
15-Mar-20,Sovereign,0,0,0
15-Mar-20,Others4,17819,16082,-1737
15-Mar-20,Grand Total,2886931,2526786,-360145
31-Mar-20,Automobiles & Auto Components,118704,88463,-30241
31-Mar-20,Total Financial Services,952956,709218,-243738
31-Mar-20,Banks,548148,411179,-136969
31-Mar-20,Other Financial Services1,404808,298039,-106769
31-Mar-20,Capital Goods,71466,56250,-15216
31-Mar-20,Chemicals & Petrochemicals,36074,30178,-5896
31-Mar-20,Coal,7772,7132,-640
31-Mar-20,Commercial Services & Supplies,6637,5471,-1166
31-Mar-20,Construction Materials,48582,38797,-9785
31-Mar-20,Consumer Durables,50188,45909,-4279
31-Mar-20,Diversified2,6100,4594,-1506
31-Mar-20,Diversified Consumer Services,2532,1900,-632
31-Mar-20,Food & Drugs Retailing,0,0,0
31-Mar-20,"Food, Beverages & Tobacco",86272,84126,-2146
31-Mar-20,Forest Materials,686,560,-126
31-Mar-20,General Industrials,12569,9441,-3128
31-Mar-20,Hardware Technology & Equipment,41,29,-12
31-Mar-20,Healthcare Equipment & Supplies,73,61,-12
31-Mar-20,Healthcare Services,20344,16474,-3870
31-Mar-20,"Hotels, Restaurants & Tourism",11411,9271,-2140
31-Mar-20,Household & Personal Products,99263,105308,6045
31-Mar-20,Insurance,63533,57078,-6455
31-Mar-20,Media,17387,12257,-5130
31-Mar-20,Metals & Mining,30397,22566,-7831
31-Mar-20,Oil & Gas,216216,206943,-9273
31-Mar-20,Pharmaceuticals & Biotechnology,93099,89291,-3808
31-Mar-20,Real Estate Investment,0,0,0
31-Mar-20,Realty,25600,19275,-6325
31-Mar-20,Retailing,36522,31849,-4673
31-Mar-20,Software & Services,287591,273198,-14393
31-Mar-20,Telecom Services,77847,65166,-12681
31-Mar-20,Telecommunications Equipment,94,79,-15
31-Mar-20,"Textiles, Apparels & Accessories",33941,27978,-5963
31-Mar-20,Transportation,29078,25338,-3740
31-Mar-20,Airlines,5536,5634,98
31-Mar-20,Logistics,1373,1058,-315
31-Mar-20,Marine Port & Services,11828,9573,-2255
31-Mar-20,Roads & Highways,1154,827,-327
31-Mar-20,Shipping,910,811,-99
31-Mar-20,Surface Transportation,26,27,1
31-Mar-20,Transport Related Services,6220,5432,-788
31-Mar-20,Airport Services,2031,1976,-55
31-Mar-20,Utilities3,68379,62130,-6249
31-Mar-20,Sovereign,0,0,0
31-Mar-20,Others4,15433,11238,-4195
31-Mar-20,Grand Total,2526786,2117566,-409220
15-May-12,Automobiles & Auto  Components,47347,-278,-47625
15-May-12,Total Financial Services,255791,-685,-256476
15-May-12,Banks,148406,-845,-149251
15-May-12,Other Financial  Services1,107385,160,-107225
15-May-12,Capital Goods,64960,38,-64922
15-May-12,Chemicals &  Petrochemicals,8270,-31,-8301
15-May-12,Coal,11197,-1,-11198
15-May-12,Commercial  Services & Supplies,6981,27,-6954
15-May-12,Construction  Materials,15839,68,-15771
15-May-12,Consumer  Durables,7145,58,-7087
15-May-12,Diversified2,3241,-1,-3242
15-May-12,Diversified  Consumer Services,843,4,-839
15-May-12,"Food, Beverages  & Tobacco",57313,168,-57145
15-May-12,Forest  Materials,612,3,-609
15-May-12,General  Industrials,6882,-1,-6883
15-May-12,Hardware  Technology & Equipment,293,-1,-294
15-May-12,Healthcare  Equipment & Supplies,1969,-9,-1978
15-May-12,Healthcare  Services,4127,18,-4109
15-May-12,"Hotels,  Restaurants & Tourism",4833,6,-4827
15-May-12,Household &  Personal Products,30426,104,-30322
15-May-12,Media,7940,45,-7895
15-May-12,Metals &  Mining,38284,-3,-38287
15-May-12,Oil & Gas,55400,-245,-55645
15-May-12,Pharmaceuticals  & Biotechnology,50003,374,-49629
15-May-12,Realty,15508,-96,-15604
15-May-12,Retailing,3250,-17,-3267
15-May-12,Software &  Services,101177,1211,-99966
15-May-12,Telecom  Services,23184,76,-23108
15-May-12,Telecommunications  Equipment,168,0,-168
15-May-12,"Textiles,  Apparels & Accessories",15382,96,-15286
15-May-12,Transportation,9580,-158,-9738
15-May-12,Airlines,259,11,-248
15-May-12,Logistics,1111,1,-1110
15-May-12,Marine Port & Services,3382,6,-3376
15-May-12,Roads & Highways,1506,-172,-1678
15-May-12,Shipping,1135,5,-1130
15-May-12,Surface Transportation,60,0,-60
15-May-12,Transport Related Services,2127,-10,-2137
15-May-12,Utilities3,32152,109,-32043
15-May-12,Sovereign,0,0,0
15-May-12,Others4,15305,115,-15190
15-May-12,Grand Total,895401,994,-894407
15-May-20,Automobiles & Auto Components,107705,105136,-2569
15-May-20,Total Financial Services,804814,702716,-102098
15-May-20,Banks,465367,406046,-59321
15-May-20,Other Financial Services1,339448,296670,-42778
15-May-20,Capital Goods,64930,62313,-2617
15-May-20,Chemicals & Petrochemicals,36390,33465,-2925
15-May-20,Coal,7347,6437,-910
15-May-20,Commercial Services & Supplies,5505,5660,155
15-May-20,Construction Materials,41484,41633,149
15-May-20,Consumer Durables,48798,43633,-5165
15-May-20,Diversified2,5552,5253,-299
15-May-20,Diversified Consumer Services,1920,1743,-177
15-May-20,Food & Drugs Retailing,0,0,0
15-May-20,"Food, Beverages & Tobacco",91587,86185,-5402
15-May-20,Forest Materials,659,589,-70
15-May-20,General Industrials,11062,10027,-1035
15-May-20,Hardware Technology & Equipment,40,38,-2
15-May-20,Healthcare Equipment & Supplies,54,64,10
15-May-20,Healthcare Services,18877,18357,-520
15-May-20,"Hotels, Restaurants & Tourism",9812,9815,3
15-May-20,Household & Personal Products,110506,122545,12039
15-May-20,Insurance,65313,64015,-1298
15-May-20,Media,15893,16037,144
15-May-20,Metals & Mining,26959,25830,-1129
15-May-20,Oil & Gas,267661,267870,209
15-May-20,Pharmaceuticals & Biotechnology,112611,110824,-1787
15-May-20,Real Estate Investment,0,0,0
15-May-20,Realty,20337,18849,-1488
15-May-20,Retailing,35185,34244,-941
15-May-20,Software & Services,301304,282406,-18898
15-May-20,Telecom Services,75452,81719,6267
15-May-20,Telecommunications Equipment,91,86,-5
15-May-20,"Textiles, Apparels & Accessories",28683,25770,-2913
15-May-20,Transportation,27125,27835,710
15-May-20,Airlines,5091,5241,150
15-May-20,Logistics,1145,1087,-58
15-May-20,Marine Port & Services,10659,11225,566
15-May-20,Roads & Highways,1041,942,-99
15-May-20,Shipping,912,809,-103
15-May-20,Surface Transportation,24,22,-2
15-May-20,Transport Related Services,6148,6237,89
15-May-20,Airport Services,2104,2273,169
15-May-20,Utilities3,68215,65000,-3215
15-May-20,Sovereign,0,0,0
15-May-20,Others4,11138,10661,-477
15-May-20,Grand Total,2423008,2286754,-136254
15-May-21,Automobiles & Auto Components,181702,182930,1228
15-May-21,Total Financial Services,1326403,1308628,-17775
15-May-21,Banks,779266,761479,-17787
15-May-21,Other Financial Services1,547137,547149,12
15-May-21,Capital Goods,154076,161151,7075
15-May-21,Chemicals & Petrochemicals,65435,69973,4538
15-May-21,Coal,5416,6040,624
15-May-21,Commercial Services & Supplies,30368,31836,1468
15-May-21,Construction Materials,83912,84246,334
15-May-21,Consumer Durables,92560,96773,4213
15-May-21,Diversified2,9946,9704,-242
15-May-21,Diversified Consumer Services,2784,2723,-61
15-May-21,Food & Drugs Retailing,0,0,0
15-May-21,"Food, Beverages & Tobacco",108694,112996,4302
15-May-21,Forest Materials,1408,1438,30
15-May-21,General Industrials,28854,29895,1041
15-May-21,Hardware Technology & Equipment,39,42,3
15-May-21,Healthcare Equipment & Supplies,1326,1381,55
15-May-21,Healthcare Services,46607,45286,-1321
15-May-21,"Hotels, Restaurants & Tourism",22823,22363,-460
15-May-21,Household & Personal Products,148088,155517,7429
15-May-21,Insurance,101313,102289,976
15-May-21,Media,19909,20028,119
15-May-21,Metals & Mining,92968,97842,4874
15-May-21,Oil & Gas,393319,386645,-6674
15-May-21,Pharmaceuticals & Biotechnology,167954,171607,3653
15-May-21,Real Estate Investment,0,0,0
15-May-21,Realty,40049,39102,-947
15-May-21,Retailing,59408,55767,-3641
15-May-21,Software & Services,545666,540000,-5666
15-May-21,Telecom Services,86822,88588,1766
15-May-21,Telecommunications Equipment,102,135,33
15-May-21,"Textiles, Apparels & Accessories",43302,40692,-2610
15-May-21,Transportation,56686,58038,1352
15-May-21,Airlines,12078,12573,495
15-May-21,Logistics,2302,2421,119
15-May-21,Marine Port & Services,26579,26780,201
15-May-21,Roads & Highways,2353,2255,-98
15-May-21,Shipping,1070,1452,382
15-May-21,Surface Transportation,40,40,0
15-May-21,Transport Related Services,8821,8691,-130
15-May-21,Airport Services,3442,3826,384
15-May-21,Utilities3,111444,117695,6251
15-May-21,Sovereign,0,0,0
15-May-21,Others4,22892,23740,848
15-May-21,Grand Total,4052276,4065092,12816
15-May-22,Automobile and Auto Components,221576,206363,-15213
15-May-22,Capital Goods,97186,87430,-9756
15-May-22,Chemicals,102913,92336,-10577
15-May-22,Construction,57832,51600,-6232
15-May-22,Construction Materials,79797,71862,-7935
15-May-22,Consumer Durables,182883,163339,-19544
15-May-22,Consumer Services,110503,90377,-20126
15-May-22,Diversified,1608,1399,-209
15-May-22,Fast Moving Consumer Goods,277854,267224,-10630
15-May-22,Financial Services,1423537,1305823,-117714
15-May-22,Forest Materials,1229,1060,-169
15-May-22,Healthcare,226067,204237,-21830
15-May-22,Information Technology,591906,555811,-36095
15-May-22,"Media, Entertainment & Publication",22075,20283,-1792
15-May-22,Metals & Mining,162166,134477,-27689
15-May-22,"Oil, Gas & Consumable Fuels",588240,522715,-65525
15-May-22,Power,237667,204696,-32971
15-May-22,Realty,57853,49873,-7980
15-May-22,Services,74645,64993,-9652
15-May-22,Telecommunication,115643,105874,-9769
15-May-22,Textiles,21635,19201,-2434
15-May-22,Utilities,413,346,-67
15-May-22,Sovereign,0,0,0
15-May-22,Others,11227,10152,-1075
15-May-22,Grand Total,4666454,4231472,-434982
31-May-12,Automobiles  & Auto Components,46368,-237,-46605
31-May-12,Total Financial Services,247078,-232,-247310
31-May-12,Banks,140903,-406,-141309
31-May-12,Other  Financial Services1,106176,174,-106002
31-May-12,Capital  Goods,62220,-996,-63216
31-May-12,Chemicals  & Petrochemicals,7593,2,-7591
31-May-12,Coal,11419,-12,-11431
31-May-12,Commercial  Services & Supplies,6123,20,-6103
31-May-12,Construction  Materials,18871,100,-18771
31-May-12,Consumer  Durables,8443,141,-8302
31-May-12,Diversified2,2280,-21,-2301
31-May-12,Diversified  Consumer Services,534,-8,-542
31-May-12,"Food,  Beverages & Tobacco",51838,-19,-51857
31-May-12,Forest  Materials,423,2,-421
31-May-12,General  Industrials,5848,-28,-5876
31-May-12,Hardware  Technology & Equipment,299,-3,-302
31-May-12,Healthcare  Equipment & Supplies,1573,-7,-1580
31-May-12,Healthcare  Services,3468,6,-3462
31-May-12,"Hotels,  Restaurants & Tourism",4224,16,-4208
31-May-12,Household  & Personal Products,33883,405,-33478
31-May-12,Media,8720,-28,-8748
31-May-12,Metals  & Mining,37876,-188,-38064
31-May-12,Oil  & Gas,59291,-404,-59695
31-May-12,Pharmaceuticals  & Biotechnology,48906,-201,-49107
31-May-12,Realty,13649,15,-13634
31-May-12,Retailing,2447,14,-2433
31-May-12,Software  & Services,113891,-17,-113908
31-May-12,Telecom  Services,25392,105,-25287
31-May-12,Telecommunications  Equipment,134,0,-134
31-May-12,"Textiles,  Apparels & Accessories",13485,67,-13418
31-May-12,Transportation,8825,78,-8747
31-May-12,Airlines,218,2,-216
31-May-12,Logistics,773,0,-773
31-May-12,Marine Port & Services,3224,17,-3207
31-May-12,Roads & Highways,676,51,-625
31-May-12,Shipping,920,6,-914
31-May-12,Surface Transportation,27,0,-27
31-May-12,Transport Related Services,2988,1,-2987
31-May-12,Utilities3,31882,-57,-31939
31-May-12,Sovereign,0,0,0
31-May-12,Others4,11396,145,-11251
31-May-12,Grand  Total,888380,-1339,-889719
31-May-20,Automobiles & Auto Components,105136,114592,9456
31-May-20,Total Financial Services,702716,706390,3674
31-May-20,Banks,406046,415061,9015
31-May-20,Other Financial Services1,296670,291329,-5341
31-May-20,Capital Goods,62313,64759,2446
31-May-20,Chemicals & Petrochemicals,33465,35099,1634
31-May-20,Coal,6437,7005,568
31-May-20,Commercial Services & Supplies,5660,5861,201
31-May-20,Construction Materials,41633,45192,3559
31-May-20,Consumer Durables,43633,47112,3479
31-May-20,Diversified2,5253,5254,1
31-May-20,Diversified Consumer Services,1743,1758,15
31-May-20,Food & Drugs Retailing,0,0,0
31-May-20,"Food, Beverages & Tobacco",86185,96545,10360
31-May-20,Forest Materials,589,535,-54
31-May-20,General Industrials,10027,10855,828
31-May-20,Hardware Technology & Equipment,38,47,9
31-May-20,Healthcare Equipment & Supplies,64,68,4
31-May-20,Healthcare Services,18357,18415,58
31-May-20,"Hotels, Restaurants & Tourism",9815,10186,371
31-May-20,Household & Personal Products,122545,125437,2892
31-May-20,Insurance,64015,66936,2921
31-May-20,Media,16037,17456,1419
31-May-20,Metals & Mining,25830,27356,1526
31-May-20,Oil & Gas,267870,271292,3422
31-May-20,Pharmaceuticals & Biotechnology,110824,116816,5992
31-May-20,Real Estate Investment,0,0,0
31-May-20,Realty,18849,19807,958
31-May-20,Retailing,34244,34738,494
31-May-20,Software & Services,282406,296499,14093
31-May-20,Telecom Services,81719,89120,7401
31-May-20,Telecommunications Equipment,86,76,-10
31-May-20,"Textiles, Apparels & Accessories",25770,26629,859
31-May-20,Transportation,27835,28356,521
31-May-20,Airlines,5241,5194,-47
31-May-20,Logistics,1087,1056,-31
31-May-20,Marine Port & Services,11225,11823,598
31-May-20,Roads & Highways,942,911,-31
31-May-20,Shipping,809,770,-39
31-May-20,Surface Transportation,22,22,0
31-May-20,Transport Related Services,6237,6199,-38
31-May-20,Airport Services,2273,2382,109
31-May-20,Utilities3,65000,65767,767
31-May-20,Sovereign,0,0,0
31-May-20,Others4,10661,12545,1884
31-May-20,Grand Total,2286754,2368500,81746
31-May-21,Automobiles & Auto Components,182930,197473,14543
31-May-21,Total Financial Services,1308628,1419879,111251
31-May-21,Banks,761479,839817,78338
31-May-21,Other Financial Services1,547149,580062,32913
31-May-21,Capital Goods,161151,171035,9884
31-May-21,Chemicals & Petrochemicals,69973,74290,4317
31-May-21,Coal,6040,6056,16
31-May-21,Commercial Services & Supplies,31836,34811,2975
31-May-21,Construction Materials,84246,89195,4949
31-May-21,Consumer Durables,96773,103478,6705
31-May-21,Diversified2,9704,10186,482
31-May-21,Diversified Consumer Services,2723,2999,276
31-May-21,Food & Drugs Retailing,0,0,0
31-May-21,"Food, Beverages & Tobacco",112996,114978,1982
31-May-21,Forest Materials,1438,1579,141
31-May-21,General Industrials,29895,32207,2312
31-May-21,Hardware Technology & Equipment,42,38,-4
31-May-21,Healthcare Equipment & Supplies,1381,1404,23
31-May-21,Healthcare Services,45286,46092,806
31-May-21,"Hotels, Restaurants & Tourism",22363,25413,3050
31-May-21,Household & Personal Products,155517,156058,541
31-May-21,Insurance,102289,101959,-330
31-May-21,Media,20028,21125,1097
31-May-21,Metals & Mining,97842,99133,1291
31-May-21,Oil & Gas,386645,426238,39593
31-May-21,Pharmaceuticals & Biotechnology,171607,175942,4335
31-May-21,Real Estate Investment,0,0,0
31-May-21,Realty,39102,43106,4004
31-May-21,Retailing,55767,57917,2150
31-May-21,Software & Services,540000,568065,28065
31-May-21,Telecom Services,88588,83978,-4610
31-May-21,Telecommunications Equipment,135,171,36
31-May-21,"Textiles, Apparels & Accessories",40692,45768,5076
31-May-21,Transportation,58038,62274,4236
31-May-21,Airlines,12573,13158,585
31-May-21,Logistics,2421,2671,250
31-May-21,Marine Port & Services,26780,28084,1304
31-May-21,Roads & Highways,2255,2340,85
31-May-21,Shipping,1452,1548,96
31-May-21,Surface Transportation,40,75,35
31-May-21,Transport Related Services,8691,10491,1800
31-May-21,Airport Services,3826,3906,80
31-May-21,Utilities3,117695,126722,9027
31-May-21,Sovereign,0,0,0
31-May-21,Others4,23740,21760,-1980
31-May-21,Grand Total,4065092,4321328,256236
31-May-22,Automobile and Auto Components,206363,228813,22450
31-May-22,Capital Goods,87430,94510,7080
31-May-22,Chemicals,92336,97732,5396
31-May-22,Construction,51600,54644,3044
31-May-22,Construction Materials,71862,70495,-1367
31-May-22,Consumer Durables,163339,160593,-2746
31-May-22,Consumer Services,90377,102462,12085
31-May-22,Diversified,1399,1469,70
31-May-22,Fast Moving Consumer Goods,267224,278116,10892
31-May-22,Financial Services,1305823,1394240,88417
31-May-22,Forest Materials,1060,1191,131
31-May-22,Healthcare,204237,206172,1935
31-May-22,Information Technology,555811,545067,-10744
31-May-22,"Media, Entertainment & Publication",20283,21250,967
31-May-22,Metals & Mining,134477,134022,-455
31-May-22,"Oil, Gas & Consumable Fuels",522715,555923,33208
31-May-22,Power,204696,199855,-4841
31-May-22,Realty,49873,52991,3118
31-May-22,Services,64993,72431,7438
31-May-22,Telecommunication,105874,108740,2866
31-May-22,Textiles,19201,20479,1278
31-May-22,Utilities,346,372,26
31-May-22,Sovereign,0,0,0
31-May-22,Others,10152,10425,273
31-May-22,Grand Total,4231472,4411991,180519
15-Nov-23,Automobile and Auto Components,348871,364325,15454
15-Nov-23,Capital Goods,219719,232424,12705
15-Nov-23,Chemicals,91842,95718,3876
15-Nov-23,Construction,113697,119257,5560
15-Nov-23,Construction Materials,94617,97604,2987
15-Nov-23,Consumer Durables,181013,186228,5215
15-Nov-23,Consumer Services,147430,162800,15370
15-Nov-23,Diversified,3788,3953,165
15-Nov-23,Fast Moving Consumer Goods,373611,381977,8366
15-Nov-23,Financial Services,1714522,1773124,58602
15-Nov-23,Forest Materials,2565,2627,62
15-Nov-23,Healthcare,282862,301921,19059
15-Nov-23,Information Technology,513289,525643,12354
15-Nov-23,"Media, Entertainment & Publication",19632,19606,-26
15-Nov-23,Metals & Mining,149208,155482,6274
15-Nov-23,"Oil, Gas & Consumable Fuels",445116,462764,17648
15-Nov-23,Power,185421,192907,7486
15-Nov-23,Realty,83649,94523,10874
15-Nov-23,Services,88260,92446,4186
15-Nov-23,Telecommunication,143209,149174,5965
15-Nov-23,Textiles,19034,19135,101
15-Nov-23,Utilities,868,1011,143
15-Nov-23,Sovereign,0,0,0
15-Nov-23,Others,15043,16747,1704
15-Nov-23,Grand Total,5237268,5451396,214128
15-Nov-24,Automobile and Auto Components,533563,511452,-22111
15-Nov-24,Capital Goods,384812,366353,-18459
15-Nov-24,Chemicals,118520,113687,-4833
15-Nov-24,Construction,136157,132936,-3221
15-Nov-24,Construction Materials,122031,115730,-6301
15-Nov-24,Consumer Durables,218783,208359,-10424
15-Nov-24,Consumer Services,311273,317466,6193
15-Nov-24,Diversified,7012,6697,-315
15-Nov-24,Fast Moving Consumer Goods,431649,402652,-28997
15-Nov-24,Financial Services,2067778,1998407,-69371
15-Nov-24,Forest Materials,4352,4082,-270
15-Nov-24,Healthcare,488036,472444,-15592
15-Nov-24,Information Technology,667323,700682,33359
15-Nov-24,"Media, Entertainment & Publication",13764,13095,-669
15-Nov-24,Metals & Mining,212399,199984,-12415
15-Nov-24,"Oil, Gas & Consumable Fuels",391580,499137,107557
15-Nov-24,Power,305173,286128,-19045
15-Nov-24,Realty,154096,146791,-7305
15-Nov-24,Services,146386,136469,-9917
15-Nov-24,Telecommunication,281651,267774,-13877
15-Nov-24,Textiles,23723,23824,101
15-Nov-24,Utilities,3439,3171,-268
15-Nov-24,Sovereign,0,0,0
15-Nov-24,Others,84741,25726,-59015
15-Nov-24,Grand Total,7108240,6953046,-155194
30-Nov-23,Automobile and Auto Components,364325,384535,20210
30-Nov-23,Capital Goods,232424,248334,15910
30-Nov-23,Chemicals,95718,97452,1734
30-Nov-23,Construction,119257,120842,1585
30-Nov-23,Construction Materials,97604,101524,3920
30-Nov-23,Consumer Durables,186228,190902,4674
30-Nov-23,Consumer Services,162800,170760,7960
30-Nov-23,Diversified,3953,3894,-59
30-Nov-23,Fast Moving Consumer Goods,381977,388673,6696
30-Nov-23,Financial Services,1773124,1801596,28472
30-Nov-23,Forest Materials,2627,2551,-76
30-Nov-23,Healthcare,301921,317402,15481
30-Nov-23,Information Technology,525643,548415,22772
30-Nov-23,"Media, Entertainment & Publication",19606,19503,-103
30-Nov-23,Metals & Mining,155482,161412,5930
30-Nov-23,"Oil, Gas & Consumable Fuels",462764,472586,9822
30-Nov-23,Power,192907,201661,8754
30-Nov-23,Realty,94523,99153,4630
30-Nov-23,Services,92446,95557,3111
30-Nov-23,Telecommunication,149174,158064,8890
30-Nov-23,Textiles,19135,19152,17
30-Nov-23,Utilities,1011,1021,10
30-Nov-23,Sovereign,0,0,0
30-Nov-23,Others,16747,18338,1591
30-Nov-23,Grand Total,5451396,5623328,171932
30-Nov-24,Automobile and Auto Components,511452,521496,10044
30-Nov-24,Capital Goods,366353,394142,27789
30-Nov-24,Chemicals,113687,116909,3222
30-Nov-24,Construction,132936,140878,7942
30-Nov-24,Construction Materials,115730,118249,2519
30-Nov-24,Consumer Durables,208359,215814,7455
30-Nov-24,Consumer Services,317466,332209,14743
30-Nov-24,Diversified,6697,7340,643
30-Nov-24,Fast Moving Consumer Goods,402652,421944,19292
30-Nov-24,Financial Services,1998407,2080522,82115
30-Nov-24,Forest Materials,4082,4354,272
30-Nov-24,Healthcare,472444,481947,9503
30-Nov-24,Information Technology,700682,714024,13342
30-Nov-24,"Media, Entertainment & Publication",13095,13689,594
30-Nov-24,Metals & Mining,199984,201724,1740
30-Nov-24,"Oil, Gas & Consumable Fuels",499137,504606,5469
30-Nov-24,Power,286128,284054,-2074
30-Nov-24,Realty,146791,158843,12052
30-Nov-24,Services,136469,138742,2273
30-Nov-24,Telecommunication,267774,279231,11457
30-Nov-24,Textiles,23824,24880,1056
30-Nov-24,Utilities,3171,3460,289
30-Nov-24,Sovereign,0,0,0
30-Nov-24,Others,25726,28935,3209
30-Nov-24,Grand Total,6953046,7187992,234946
15-Nov-20,Automobiles & Auto Components,147186,158016,10830
15-Nov-20,Total Financial Services,955667,1151844,196177
15-Nov-20,Banks,576448,694688,118240
15-Nov-20,Other Financial Services1,379219,457156,77937
15-Nov-20,Capital Goods,99021,114187,15166
15-Nov-20,Chemicals & Petrochemicals,42919,44217,1298
15-Nov-20,Coal,4812,5329,517
15-Nov-20,Commercial Services & Supplies,10965,11777,812
15-Nov-20,Construction Materials,54147,58537,4390
15-Nov-20,Consumer Durables,70009,72369,2360
15-Nov-20,Diversified2,6761,7733,972
15-Nov-20,Diversified Consumer Services,2212,2333,121
15-Nov-20,Food & Drugs Retailing,0,0,0
15-Nov-20,"Food, Beverages & Tobacco",90966,97359,6393
15-Nov-20,Forest Materials,1005,1008,3
15-Nov-20,General Industrials,16678,18201,1523
15-Nov-20,Hardware Technology & Equipment,43,43,0
15-Nov-20,Healthcare Equipment & Supplies,123,143,20
15-Nov-20,Healthcare Services,28861,30634,1773
15-Nov-20,"Hotels, Restaurants & Tourism",14112,15966,1854
15-Nov-20,Household & Personal Products,127780,133262,5482
15-Nov-20,Insurance,77008,82719,5711
15-Nov-20,Media,17601,17984,383
15-Nov-20,Metals & Mining,35116,41229,6113
15-Nov-20,Oil & Gas,368464,366462,-2002
15-Nov-20,Pharmaceuticals & Biotechnology,144815,149968,5153
15-Nov-20,Real Estate Investment,0,0,0
15-Nov-20,Realty,26182,27579,1397
15-Nov-20,Retailing,42904,47249,4345
15-Nov-20,Software & Services,445706,456768,11062
15-Nov-20,Telecom Services,63928,68956,5028
15-Nov-20,Telecommunications Equipment,73,68,-5
15-Nov-20,"Textiles, Apparels & Accessories",32113,34638,2525
15-Nov-20,Transportation,33665,36927,3262
15-Nov-20,Airlines,7720,10279,2559
15-Nov-20,Logistics,1438,1602,164
15-Nov-20,Marine Port & Services,13550,13676,126
15-Nov-20,Roads & Highways,1353,1363,10
15-Nov-20,Shipping,810,841,31
15-Nov-20,Surface Transportation,28,29,1
15-Nov-20,Transport Related Services,5809,6065,256
15-Nov-20,Airport Services,2957,3072,115
15-Nov-20,Utilities3,65218,71361,6143
15-Nov-20,Sovereign,0,0,0
15-Nov-20,Others4,20584,21088,504
15-Nov-20,Grand Total,3046643,3345954,299311
15-Nov-21,Automobiles & Auto Components,202455,210139,7684
15-Nov-21,Total Financial Services,1591280,1609755,18475
15-Nov-21,Banks,907747,893454,-14293
15-Nov-21,Other Financial Services1,683533,716301,32768
15-Nov-21,Capital Goods,145455,156196,10741
15-Nov-21,Chemicals & Petrochemicals,81925,82870,945
15-Nov-21,Coal,7030,7096,66
15-Nov-21,Commercial Services & Supplies,34253,40458,6205
15-Nov-21,Construction Materials,98701,103291,4590
15-Nov-21,Consumer Durables,137047,142304,5257
15-Nov-21,Diversified2,12906,13478,572
15-Nov-21,Diversified Consumer Services,6830,7109,279
15-Nov-21,Food & Drugs Retailing,2,2,0
15-Nov-21,"Food, Beverages & Tobacco",128512,131627,3115
15-Nov-21,Forest Materials,1998,2295,297
15-Nov-21,General Industrials,39891,41340,1449
15-Nov-21,Hardware Technology & Equipment,76,82,6
15-Nov-21,Healthcare Equipment & Supplies,1473,1460,-13
15-Nov-21,Healthcare Services,59581,67207,7626
15-Nov-21,"Hotels, Restaurants & Tourism",32577,36610,4033
15-Nov-21,Household & Personal Products,167215,165629,-1586
15-Nov-21,Insurance,114796,119386,4590
15-Nov-21,Media,22122,24170,2048
15-Nov-21,Metals & Mining,107931,106404,-1527
15-Nov-21,Oil & Gas,504592,518679,14087
15-Nov-21,Pharmaceuticals & Biotechnology,170237,169751,-486
15-Nov-21,Real Estate Investment,0,0,0
15-Nov-21,Realty,63647,68973,5326
15-Nov-21,Retailing,87975,103289,15314
15-Nov-21,Software & Services,669578,705487,35909
15-Nov-21,Telecom Services,113998,121484,7486
15-Nov-21,Telecommunications Equipment,487,519,32
15-Nov-21,"Textiles, Apparels & Accessories",69294,74202,4908
15-Nov-21,Transportation,62722,66646,3924
15-Nov-21,Airlines,15721,17108,1387
15-Nov-21,Logistics,3102,3692,590
15-Nov-21,Marine Port & Services,22718,24201,1483
15-Nov-21,Roads & Highways,2792,2811,19
15-Nov-21,Shipping,1267,1301,34
15-Nov-21,Surface Transportation,131,160,29
15-Nov-21,Transport Related Services,10392,10752,360
15-Nov-21,Airport Services,6599,6620,21
15-Nov-21,Utilities3,166468,175428,8960
15-Nov-21,Sovereign,0,0,0
15-Nov-21,Others4,33634,33508,-126
15-Nov-21,Grand Total,4936691,5106876,170185
15-Nov-22,Automobile and Auto Components,272857,268885,-3972
15-Nov-22,Capital Goods,125493,127902,2409
15-Nov-22,Chemicals,104451,104566,115
15-Nov-22,Construction,69625,69615,-10
15-Nov-22,Construction Materials,79272,83133,3861
15-Nov-22,Consumer Durables,171705,168881,-2824
15-Nov-22,Consumer Services,120117,117351,-2766
15-Nov-22,Diversified,1636,1603,-33
15-Nov-22,Fast Moving Consumer Goods,317772,318667,895
15-Nov-22,Financial Services,1534042,1585145,51103
15-Nov-22,Forest Materials,1880,1825,-55
15-Nov-22,Healthcare,240392,238048,-2344
15-Nov-22,Information Technology,508489,530608,22119
15-Nov-22,"Media, Entertainment & Publication",22288,22356,68
15-Nov-22,Metals & Mining,146884,169021,22137
15-Nov-22,"Oil, Gas & Consumable Fuels",547878,565227,17349
15-Nov-22,Power,237907,236483,-1424
15-Nov-22,Realty,54128,55687,1559
15-Nov-22,Services,76971,79773,2802
15-Nov-22,Telecommunication,131006,132451,1445
15-Nov-22,Textiles,21483,20535,-948
15-Nov-22,Utilities,361,404,43
15-Nov-22,Sovereign,0,0,0
15-Nov-22,Others,11026,11793,767
15-Nov-22,Grand Total,4797660,4909960,112300
30-Nov-12,Automobiles & Auto Components,54987,661,-54326
30-Nov-12,Total Financial Services,319728,1907,-317821
30-Nov-12,Banks,182462,1078,-181384
30-Nov-12,Other Financial Services1,137266,829,-136437
30-Nov-12,Capital Goods,68265,103,-68162
30-Nov-12,Chemicals & Petrochemicals,8326,-77,-8403
30-Nov-12,Coal,12832,141,-12691
30-Nov-12,Commercial Services & Supplies,5906,29,-5877
30-Nov-12,Construction Materials,27703,-76,-27779
30-Nov-12,Consumer Durables,9475,70,-9405
30-Nov-12,Diversified2,2382,-113,-2495
30-Nov-12,Diversified Consumer Services,683,-20,-703
30-Nov-12,"Food, Beverages & Tobacco",70650,788,-69862
30-Nov-12,Forest Materials,447,5,-442
30-Nov-12,General Industrials,6306,-59,-6365
30-Nov-12,Hardware Technology & Equipment,240,0,-240
30-Nov-12,Healthcare Equipment & Supplies,1124,-41,-1165
30-Nov-12,Healthcare Services,4332,-120,-4452
30-Nov-12,"Hotels, Restaurants & Tourism",4863,56,-4807
30-Nov-12,Household & Personal Products,45623,240,-45383
30-Nov-12,Media,13347,48,-13299
30-Nov-12,Metals & Mining,36016,-205,-36221
30-Nov-12,Oil & Gas,72078,202,-71876
30-Nov-12,Pharmaceuticals & Biotechnology,59089,246,-58843
30-Nov-12,Realty,16856,86,-16770
30-Nov-12,Retailing,2753,14,-2739
30-Nov-12,Software & Services,122737,603,-122134
30-Nov-12,Telecom Services,24847,571,-24276
30-Nov-12,Telecommunications Equipment,141,6,-135
30-Nov-12,"Textiles, Apparels & Accessories",16597,61,-16536
30-Nov-12,Transportation,10265,109,-10156
30-Nov-12,Airlines,237,4,-233
30-Nov-12,Logistics,735,87,-648
30-Nov-12,Marine Port &  Services,3652,13,-3639
30-Nov-12,Roads & Highways,1130,24,-1106
30-Nov-12,Shipping,1016,7,-1009
30-Nov-12,Surface Transportation,33,0,-33
30-Nov-12,Transport Related  Services,3462,-26,-3488
30-Nov-12,Utilities3,37175,199,-36976
30-Nov-12,Sovereign,0,0,0
30-Nov-12,Others4,15551,710,-14841
30-Nov-12,Grand Total,1071324,6142,-1065182
30-Nov-20,Automobiles & Auto Components,158016,169610,11594
30-Nov-20,Total Financial Services,1151844,1205623,53779
30-Nov-20,Banks,694688,729689,35001
30-Nov-20,Other Financial Services1,457156,475934,18778
30-Nov-20,Capital Goods,114187,126250,12063
30-Nov-20,Chemicals & Petrochemicals,44217,45012,795
30-Nov-20,Coal,5329,5019,-310
30-Nov-20,Commercial Services & Supplies,11777,12438,661
30-Nov-20,Construction Materials,58537,60660,2123
30-Nov-20,Consumer Durables,72369,74817,2448
30-Nov-20,Diversified2,7733,8129,396
30-Nov-20,Diversified Consumer Services,2333,2566,233
30-Nov-20,Food & Drugs Retailing,0,0,0
30-Nov-20,"Food, Beverages & Tobacco",97359,103109,5750
30-Nov-20,Forest Materials,1008,1057,49
30-Nov-20,General Industrials,18201,19950,1749
30-Nov-20,Hardware Technology & Equipment,43,40,-3
30-Nov-20,Healthcare Equipment & Supplies,143,142,-1
30-Nov-20,Healthcare Services,30634,32706,2072
30-Nov-20,"Hotels, Restaurants & Tourism",15966,16502,536
30-Nov-20,Household & Personal Products,133262,131816,-1446
30-Nov-20,Insurance,82719,86508,3789
30-Nov-20,Media,17984,18037,53
30-Nov-20,Metals & Mining,41229,46604,5375
30-Nov-20,Oil & Gas,366462,356750,-9712
30-Nov-20,Pharmaceuticals & Biotechnology,149968,157320,7352
30-Nov-20,Real Estate Investment,0,0,0
30-Nov-20,Realty,27579,29159,1580
30-Nov-20,Retailing,47249,49746,2497
30-Nov-20,Software & Services,456768,454506,-2262
30-Nov-20,Telecom Services,68956,70913,1957
30-Nov-20,Telecommunications Equipment,68,62,-6
30-Nov-20,"Textiles, Apparels & Accessories",34638,36620,1982
30-Nov-20,Transportation,36927,38935,2008
30-Nov-20,Airlines,10279,9911,-368
30-Nov-20,Logistics,1602,1611,9
30-Nov-20,Marine Port & Services,13676,15645,1969
30-Nov-20,Roads & Highways,1363,1449,86
30-Nov-20,Shipping,841,904,63
30-Nov-20,Surface Transportation,29,31,2
30-Nov-20,Transport Related Services,6065,5977,-88
30-Nov-20,Airport Services,3072,3407,335
30-Nov-20,Utilities3,71361,77075,5714
30-Nov-20,Sovereign,0,0,0
30-Nov-20,Others4,21088,19782,-1306
30-Nov-20,Grand Total,3345954,3457463,111509
30-Nov-21,Automobiles & Auto Components,210139,193073,-17066
30-Nov-21,Total Financial Services,1609755,1464427,-145328
30-Nov-21,Banks,893454,818524,-74930
30-Nov-21,Other Financial Services1,716301,645902,-70399
30-Nov-21,Capital Goods,156196,143802,-12394
30-Nov-21,Chemicals & Petrochemicals,82870,77316,-5554
30-Nov-21,Coal,7096,6608,-488
30-Nov-21,Commercial Services & Supplies,40458,38388,-2070
30-Nov-21,Construction Materials,103291,93099,-10192
30-Nov-21,Consumer Durables,142304,138556,-3748
30-Nov-21,Diversified2,13478,12688,-790
30-Nov-21,Diversified Consumer Services,7109,6997,-112
30-Nov-21,Food & Drugs Retailing,2,3,1
30-Nov-21,"Food, Beverages & Tobacco",131627,124262,-7365
30-Nov-21,Forest Materials,2295,2059,-236
30-Nov-21,General Industrials,41340,38823,-2517
30-Nov-21,Hardware Technology & Equipment,82,76,-6
30-Nov-21,Healthcare Equipment & Supplies,1460,1894,434
30-Nov-21,Healthcare Services,67207,74094,6887
30-Nov-21,"Hotels, Restaurants & Tourism",36610,34343,-2267
30-Nov-21,Household & Personal Products,165629,159288,-6341
30-Nov-21,Insurance,119386,113335,-6051
30-Nov-21,Media,24170,23300,-870
30-Nov-21,Metals & Mining,106404,93596,-12808
30-Nov-21,Oil & Gas,518679,479683,-38996
30-Nov-21,Pharmaceuticals & Biotechnology,169751,166055,-3696
30-Nov-21,Real Estate Investment,0,0,0
30-Nov-21,Realty,68973,66266,-2707
30-Nov-21,Retailing,103289,110919,7630
30-Nov-21,Software & Services,705487,684150,-21337
30-Nov-21,Telecom Services,121484,120528,-956
30-Nov-21,Telecommunications Equipment,519,515,-4
30-Nov-21,"Textiles, Apparels & Accessories",74202,71147,-3055
30-Nov-21,Transportation,66646,58798,-7848
30-Nov-21,Airlines,17108,13654,-3454
30-Nov-21,Logistics,3692,3461,-231
30-Nov-21,Marine Port & Services,24201,21967,-2234
30-Nov-21,Roads & Highways,2811,2476,-335
30-Nov-21,Shipping,1301,1253,-48
30-Nov-21,Surface Transportation,160,150,-10
30-Nov-21,Transport Related Services,10752,9622,-1130
30-Nov-21,Airport Services,6620,6215,-405
30-Nov-21,Utilities3,175428,171688,-3740
30-Nov-21,Sovereign,0,0,0
30-Nov-21,Others4,33508,28125,-5383
30-Nov-21,Grand Total,5106876,4797902,-308974
30-Nov-22,Automobile and Auto Components,268885,271908,3023
30-Nov-22,Capital Goods,127902,129454,1552
30-Nov-22,Chemicals,104566,105523,957
30-Nov-22,Construction,69615,73356,3741
30-Nov-22,Construction Materials,83133,84868,1735
30-Nov-22,Consumer Durables,168881,169845,964
30-Nov-22,Consumer Services,117351,118749,1398
30-Nov-22,Diversified,1603,1583,-20
30-Nov-22,Fast Moving Consumer Goods,318667,333231,14564
30-Nov-22,Financial Services,1585145,1612810,27665
30-Nov-22,Forest Materials,1825,1903,78
30-Nov-22,Healthcare,238048,241739,3691
30-Nov-22,Information Technology,530608,534674,4066
30-Nov-22,"Media, Entertainment & Publication",22356,22560,204
30-Nov-22,Metals & Mining,169021,167640,-1381
30-Nov-22,"Oil, Gas & Consumable Fuels",565227,583358,18131
30-Nov-22,Power,236483,226118,-10365
30-Nov-22,Realty,55687,55488,-199
30-Nov-22,Services,79773,81236,1463
30-Nov-22,Telecommunication,132451,133294,843
30-Nov-22,Textiles,20535,20833,298
30-Nov-22,Utilities,404,620,216
30-Nov-22,Sovereign,0,0,0
30-Nov-22,Others,11793,15690,3897
30-Nov-22,Grand Total,4909960,4986480,76520
15-Oct-23,Automobile and Auto Components,356446,360339,3893
15-Oct-23,Capital Goods,224468,226915,2447
15-Oct-23,Chemicals,95978,96546,568
15-Oct-23,Construction,119216,121865,2649
15-Oct-23,Construction Materials,94657,96898,2241
15-Oct-23,Consumer Durables,186907,189289,2382
15-Oct-23,Consumer Services,150100,153860,3760
15-Oct-23,Diversified,3853,4074,221
15-Oct-23,Fast Moving Consumer Goods,378489,383321,4832
15-Oct-23,Financial Services,1774155,1775480,1325
15-Oct-23,Forest Materials,2607,2724,117
15-Oct-23,Healthcare,296745,294723,-2022
15-Oct-23,Information Technology,533829,534828,999
15-Oct-23,"Media, Entertainment & Publication",20687,20772,85
15-Oct-23,Metals & Mining,159296,157902,-1394
15-Oct-23,"Oil, Gas & Consumable Fuels",461509,461229,-280
15-Oct-23,Power,195336,188249,-7087
15-Oct-23,Realty,80489,85510,5021
15-Oct-23,Services,91973,94010,2037
15-Oct-23,Telecommunication,145857,150525,4668
15-Oct-23,Textiles,18652,19068,416
15-Oct-23,Utilities,886,889,3
15-Oct-23,Sovereign,0,0,0
15-Oct-23,Others,16520,14470,-2050
15-Oct-23,Grand Total,5408654,5433486,24832
15-Oct-24,Automobile and Auto Components,615068,589732,-25336
15-Oct-24,Capital Goods,413198,420078,6880
15-Oct-24,Chemicals,125531,122120,-3411
15-Oct-24,Construction,145187,138208,-6979
15-Oct-24,Construction Materials,132691,126254,-6437
15-Oct-24,Consumer Durables,247520,238910,-8610
15-Oct-24,Consumer Services,353707,351865,-1842
15-Oct-24,Diversified,7736,7153,-583
15-Oct-24,Fast Moving Consumer Goods,487906,461311,-26595
15-Oct-24,Financial Services,2169396,2095824,-73572
15-Oct-24,Forest Materials,4570,4685,115
15-Oct-24,Healthcare,491059,493423,2364
15-Oct-24,Information Technology,703359,712646,9287
15-Oct-24,"Media, Entertainment & Publication",14900,14195,-705
15-Oct-24,Metals & Mining,231908,222784,-9124
15-Oct-24,"Oil, Gas & Consumable Fuels",623963,566033,-57930
15-Oct-24,Power,338772,319763,-19009
15-Oct-24,Realty,169409,165605,-3804
15-Oct-24,Services,162266,158726,-3540
15-Oct-24,Telecommunication,306128,302851,-3277
15-Oct-24,Textiles,23976,24362,386
15-Oct-24,Utilities,2919,3192,273
15-Oct-24,Sovereign,0,0,0
15-Oct-24,Others,25106,25579,473
15-Oct-24,Grand Total,7796273,7565297,-230976
31-Oct-23,Automobile and Auto Components,360339,348871,-11468
31-Oct-23,Capital Goods,226915,219719,-7196
31-Oct-23,Chemicals,96546,91842,-4704
31-Oct-23,Construction,121865,113697,-8168
31-Oct-23,Construction Materials,96898,94617,-2281
31-Oct-23,Consumer Durables,189289,181013,-8276
31-Oct-23,Consumer Services,153860,147430,-6430
31-Oct-23,Diversified,4074,3788,-286
31-Oct-23,Fast Moving Consumer Goods,383321,373611,-9710
31-Oct-23,Financial Services,1775480,1714522,-60958
31-Oct-23,Forest Materials,2724,2565,-159
31-Oct-23,Healthcare,294723,282862,-11861
31-Oct-23,Information Technology,534828,513289,-21539
31-Oct-23,"Media, Entertainment & Publication",20772,19632,-1140
31-Oct-23,Metals & Mining,157902,149208,-8694
31-Oct-23,"Oil, Gas & Consumable Fuels",461229,445116,-16113
31-Oct-23,Power,188249,185421,-2828
31-Oct-23,Realty,85510,83649,-1861
31-Oct-23,Services,94010,88260,-5750
31-Oct-23,Telecommunication,150525,143209,-7316
31-Oct-23,Textiles,19068,19034,-34
31-Oct-23,Utilities,889,868,-21
31-Oct-23,Sovereign,0,0,0
31-Oct-23,Others,14470,15043,573
31-Oct-23,Grand Total,5433486,5237268,-196218
31-Oct-24,Automobile and Auto Components,589732,533563,-56169
31-Oct-24,Capital Goods,420078,384812,-35266
31-Oct-24,Chemicals,122120,118520,-3600
31-Oct-24,Construction,138208,136157,-2051
31-Oct-24,Construction Materials,126254,122031,-4223
31-Oct-24,Consumer Durables,238910,218783,-20127
31-Oct-24,Consumer Services,351865,311273,-40592
31-Oct-24,Diversified,7153,7012,-141
31-Oct-24,Fast Moving Consumer Goods,461311,431649,-29662
31-Oct-24,Financial Services,2095824,2067778,-28046
31-Oct-24,Forest Materials,4685,4352,-333
31-Oct-24,Healthcare,493423,488036,-5387
31-Oct-24,Information Technology,712646,667323,-45323
31-Oct-24,"Media, Entertainment & Publication",14195,13764,-431
31-Oct-24,Metals & Mining,222784,212399,-10385
31-Oct-24,"Oil, Gas & Consumable Fuels",566033,391580,-174453
31-Oct-24,Power,319763,305173,-14590
31-Oct-24,Realty,165605,154096,-11509
31-Oct-24,Services,158726,146386,-12340
31-Oct-24,Telecommunication,302851,281651,-21200
31-Oct-24,Textiles,24362,23723,-639
31-Oct-24,Utilities,3192,3439,247
31-Oct-24,Sovereign,0,0,0
31-Oct-24,Others,25579,84741,59162
31-Oct-24,Grand Total,7565297,7108240,-457057
15-Oct-20,Automobiles & Auto Components,148495,151765,3270
15-Oct-20,Total Financial Services,856176,924639,68463
15-Oct-20,Banks,505840,547377,41537
15-Oct-20,Other Financial Services1,350337,377262,26925
15-Oct-20,Capital Goods,93427,90813,-2614
15-Oct-20,Chemicals & Petrochemicals,43146,42875,-271
15-Oct-20,Coal,5193,4834,-359
15-Oct-20,Commercial Services & Supplies,9766,10054,288
15-Oct-20,Construction Materials,47945,50923,2978
15-Oct-20,Consumer Durables,63972,65706,1734
15-Oct-20,Diversified2,6000,6248,248
15-Oct-20,Diversified Consumer Services,2174,2193,19
15-Oct-20,Food & Drugs Retailing,1,0,-1
15-Oct-20,"Food, Beverages & Tobacco",92248,89231,-3017
15-Oct-20,Forest Materials,1082,1070,-12
15-Oct-20,General Industrials,16629,16294,-335
15-Oct-20,Hardware Technology & Equipment,45,42,-3
15-Oct-20,Healthcare Equipment & Supplies,117,128,11
15-Oct-20,Healthcare Services,28035,28752,717
15-Oct-20,"Hotels, Restaurants & Tourism",14861,14571,-290
15-Oct-20,Household & Personal Products,128272,130247,1975
15-Oct-20,Insurance,78507,76903,-1604
15-Oct-20,Media,22111,20065,-2046
15-Oct-20,Metals & Mining,36970,34225,-2745
15-Oct-20,Oil & Gas,396632,390936,-5696
15-Oct-20,Pharmaceuticals & Biotechnology,146553,148668,2115
15-Oct-20,Real Estate Investment,0,0,0
15-Oct-20,Realty,24263,23945,-318
15-Oct-20,Retailing,43650,41626,-2024
15-Oct-20,Software & Services,416167,451822,35655
15-Oct-20,Telecom Services,61740,59401,-2339
15-Oct-20,Telecommunications Equipment,81,76,-5
15-Oct-20,"Textiles, Apparels & Accessories",32886,32747,-139
15-Oct-20,Transportation,31905,32190,285
15-Oct-20,Airlines,7200,7655,455
15-Oct-20,Logistics,1441,1392,-49
15-Oct-20,Marine Port & Services,12623,12767,144
15-Oct-20,Roads & Highways,1346,1300,-46
15-Oct-20,Shipping,841,794,-47
15-Oct-20,Surface Transportation,29,30,1
15-Oct-20,Transport Related Services,5491,5310,-181
15-Oct-20,Airport Services,2933,2942,9
15-Oct-20,Utilities3,63212,61092,-2120
15-Oct-20,Sovereign,0,0,0
15-Oct-20,Others4,25227,22999,-2228
15-Oct-20,Grand Total,2937489,3027079,89590
15-Oct-21,Automobiles & Auto Components,198251,212805,14554
15-Oct-21,Total Financial Services,1548114,1612897,64783
15-Oct-21,Banks,875404,916029,40625
15-Oct-21,Other Financial Services1,672709,696868,24159
15-Oct-21,Capital Goods,132951,146357,13406
15-Oct-21,Chemicals & Petrochemicals,82241,88776,6535
15-Oct-21,Coal,7780,7601,-179
15-Oct-21,Commercial Services & Supplies,35287,39492,4205
15-Oct-21,Construction Materials,101309,99047,-2262
15-Oct-21,Consumer Durables,142947,148968,6021
15-Oct-21,Diversified2,13863,3908,-9955
15-Oct-21,Diversified Consumer Services,7046,7464,418
15-Oct-21,Food & Drugs Retailing,3,3,0
15-Oct-21,"Food, Beverages & Tobacco",130826,136772,5946
15-Oct-21,Forest Materials,2124,2286,162
15-Oct-21,General Industrials,39580,41999,2419
15-Oct-21,Hardware Technology & Equipment,71,86,15
15-Oct-21,Healthcare Equipment & Supplies,1439,1580,141
15-Oct-21,Healthcare Services,61480,61109,-371
15-Oct-21,"Hotels, Restaurants & Tourism",35584,41101,5517
15-Oct-21,Household & Personal Products,182828,182379,-449
15-Oct-21,Insurance,121951,118451,-3500
15-Oct-21,Media,23008,23496,488
15-Oct-21,Metals & Mining,107967,115501,7534
15-Oct-21,Oil & Gas,501861,535740,33879
15-Oct-21,Pharmaceuticals & Biotechnology,175944,179515,3571
15-Oct-21,Real Estate Investment,0,0,0
15-Oct-21,Realty,66609,69243,2634
15-Oct-21,Retailing,87999,99946,11947
15-Oct-21,Software & Services,705181,706933,1752
15-Oct-21,Telecom Services,116898,118075,1177
15-Oct-21,Telecommunications Equipment,431,522,91
15-Oct-21,"Textiles, Apparels & Accessories",62892,73504,10612
15-Oct-21,Transportation,63829,67419,3590
15-Oct-21,Airlines,14508,14986,478
15-Oct-21,Logistics,3221,3472,251
15-Oct-21,Marine Port & Services,24211,26551,2340
15-Oct-21,Roads & Highways,3075,3208,133
15-Oct-21,Shipping,1368,1397,29
15-Oct-21,Surface Transportation,83,98,15
15-Oct-21,Transport Related Services,11134,10646,-488
15-Oct-21,Airport Services,6229,7062,833
15-Oct-21,Utilities3,160764,173654,12890
15-Oct-21,Sovereign,0,0,0
15-Oct-21,Others4,31327,35083,3756
15-Oct-21,Grand Total,4950384,5151713,201329
15-Oct-22,Automobile and Auto Components,259928,253196,-6732
15-Oct-22,Capital Goods,119411,119747,336
15-Oct-22,Chemicals,102551,102842,291
15-Oct-22,Construction,62874,65286,2412
15-Oct-22,Construction Materials,76470,74680,-1790
15-Oct-22,Consumer Durables,177295,172116,-5179
15-Oct-22,Consumer Services,119028,115850,-3178
15-Oct-22,Diversified,1704,1645,-59
15-Oct-22,Fast Moving Consumer Goods,323204,311122,-12082
15-Oct-22,Financial Services,1459322,1472197,12875
15-Oct-22,Forest Materials,1639,1697,58
15-Oct-22,Healthcare,225618,225965,347
15-Oct-22,Information Technology,475769,491465,15696
15-Oct-22,"Media, Entertainment & Publication",21646,22097,451
15-Oct-22,Metals & Mining,147022,142734,-4288
15-Oct-22,"Oil, Gas & Consumable Fuels",514343,506554,-7789
15-Oct-22,Power,234233,222601,-11632
15-Oct-22,Realty,53138,52259,-879
15-Oct-22,Services,77695,74764,-2931
15-Oct-22,Telecommunication,126434,121931,-4503
15-Oct-22,Textiles,21441,21778,337
15-Oct-22,Utilities,360,361,1
15-Oct-22,Sovereign,0,0,0
15-Oct-22,Others,11168,11053,-115
15-Oct-22,Grand Total,4612296,4583941,-28355
31-Oct-12,Automobiles  & Auto Components,52000,453,-51547
31-Oct-12,Total Financial Services,309808,-93,-309901
31-Oct-12,Banks,179320,-35,-179355
31-Oct-12,Other  Financial Services1,130488,-58,-130546
31-Oct-12,Capital  Goods,69092,153,-68939
31-Oct-12,Chemicals  & Petrochemicals,8621,-36,-8657
31-Oct-12,Coal,13039,63,-12976
31-Oct-12,Commercial  Services & Supplies,5621,-2,-5623
31-Oct-12,Construction  Materials,28904,30,-28874
31-Oct-12,Consumer  Durables,9210,-28,-9238
31-Oct-12,Diversified2,2431,-32,-2463
31-Oct-12,Diversified  Consumer Services,752,-4,-756
31-Oct-12,"Food,  Beverages & Tobacco",67598,191,-67407
31-Oct-12,Forest  Materials,432,3,-429
31-Oct-12,General  Industrials,6290,-40,-6330
31-Oct-12,Hardware  Technology & Equipment,273,1,-272
31-Oct-12,Healthcare  Equipment & Supplies,1282,-1,-1283
31-Oct-12,Healthcare  Services,4071,24,-4047
31-Oct-12,"Hotels,  Restaurants & Tourism",4893,11,-4882
31-Oct-12,Household  & Personal Products,46845,61,-46784
31-Oct-12,Media,12373,-82,-12455
31-Oct-12,Metals  & Mining,38676,-139,-38815
31-Oct-12,Oil  & Gas,76472,-446,-76918
31-Oct-12,Pharmaceuticals  & Biotechnology,57637,236,-57401
31-Oct-12,Realty,16490,-170,-16660
31-Oct-12,Retailing,2804,-20,-2824
31-Oct-12,Software  & Services,123404,182,-123222
31-Oct-12,Telecom  Services,22293,-44,-22337
31-Oct-12,Telecommunications  Equipment,138,7,-131
31-Oct-12,"Textiles,  Apparels & Accessories",16692,70,-16622
31-Oct-12,Transportation,10634,-100,-10734
31-Oct-12,Airlines,265,-41,-306
31-Oct-12,Logistics,759,0,-759
31-Oct-12,Marine Port & Services,3490,32,-3458
31-Oct-12,Roads & Highways,1397,-83,-1480
31-Oct-12,Shipping,1016,-6,-1022
31-Oct-12,Surface Transportation,33,0,-33
31-Oct-12,Transport Related Services,3673,-2,-3675
31-Oct-12,Utilities3,38355,56,-38299
31-Oct-12,Sovereign,0,0,0
31-Oct-12,Others4,14876,248,-14628
31-Oct-12,Grand  Total,1062006,554,-1061452
31-Oct-20,Automobiles & Auto Components,151765,147186,-4579
31-Oct-20,Total Financial Services,924639,955667,31028
31-Oct-20,Banks,547377,576448,29071
31-Oct-20,Other Financial Services1,377262,379219,1957
31-Oct-20,Capital Goods,90813,99021,8208
31-Oct-20,Chemicals & Petrochemicals,42875,42919,44
31-Oct-20,Coal,4834,4812,-22
31-Oct-20,Commercial Services & Supplies,10054,10965,911
31-Oct-20,Construction Materials,50923,54147,3224
31-Oct-20,Consumer Durables,65706,70009,4303
31-Oct-20,Diversified2,6248,6761,513
31-Oct-20,Diversified Consumer Services,2193,2212,19
31-Oct-20,Food & Drugs Retailing,0,0,0
31-Oct-20,"Food, Beverages & Tobacco",89231,90966,1735
31-Oct-20,Forest Materials,1070,1005,-65
31-Oct-20,General Industrials,16294,16678,384
31-Oct-20,Hardware Technology & Equipment,42,43,1
31-Oct-20,Healthcare Equipment & Supplies,128,123,-5
31-Oct-20,Healthcare Services,28752,28861,109
31-Oct-20,"Hotels, Restaurants & Tourism",14571,14112,-459
31-Oct-20,Household & Personal Products,130247,127780,-2467
31-Oct-20,Insurance,76903,77008,105
31-Oct-20,Media,20065,17601,-2464
31-Oct-20,Metals & Mining,34225,35116,891
31-Oct-20,Oil & Gas,390936,368464,-22472
31-Oct-20,Pharmaceuticals & Biotechnology,148668,144815,-3853
31-Oct-20,Real Estate Investment,0,0,0
31-Oct-20,Realty,23945,26182,2237
31-Oct-20,Retailing,41626,42904,1278
31-Oct-20,Software & Services,451822,445706,-6116
31-Oct-20,Telecom Services,59401,63928,4527
31-Oct-20,Telecommunications Equipment,76,73,-3
31-Oct-20,"Textiles, Apparels & Accessories",32747,32113,-634
31-Oct-20,Transportation,32190,33665,1475
31-Oct-20,Airlines,7655,7720,65
31-Oct-20,Logistics,1392,1438,46
31-Oct-20,Marine Port & Services,12767,13550,783
31-Oct-20,Roads & Highways,1300,1353,53
31-Oct-20,Shipping,794,810,16
31-Oct-20,Surface Transportation,30,28,-2
31-Oct-20,Transport Related Services,5310,5809,499
31-Oct-20,Airport Services,2942,2957,15
31-Oct-20,Utilities3,61092,65218,4126
31-Oct-20,Sovereign,0,0,0
31-Oct-20,Others4,22999,20584,-2415
31-Oct-20,Grand Total,3027079,3046643,19564
31-Oct-21,Automobiles & Auto Components,212805,202455,-10350
31-Oct-21,Total Financial Services,1612897,1591280,-21617
31-Oct-21,Banks,916029,907747,-8282
31-Oct-21,Other Financial Services1,696868,683533,-13335
31-Oct-21,Capital Goods,146357,145455,-902
31-Oct-21,Chemicals & Petrochemicals,88776,81925,-6851
31-Oct-21,Coal,7601,7030,-571
31-Oct-21,Commercial Services & Supplies,39492,34253,-5239
31-Oct-21,Construction Materials,99047,98701,-346
31-Oct-21,Consumer Durables,148968,137047,-11921
31-Oct-21,Diversified2,3908,12906,8998
31-Oct-21,Diversified Consumer Services,7464,6830,-634
31-Oct-21,Food & Drugs Retailing,3,2,-1
31-Oct-21,"Food, Beverages & Tobacco",136772,128512,-8260
31-Oct-21,Forest Materials,2286,1998,-288
31-Oct-21,General Industrials,41999,39891,-2108
31-Oct-21,Hardware Technology & Equipment,86,76,-10
31-Oct-21,Healthcare Equipment & Supplies,1580,1473,-107
31-Oct-21,Healthcare Services,61109,59581,-1528
31-Oct-21,"Hotels, Restaurants & Tourism",41101,32577,-8524
31-Oct-21,Household & Personal Products,182379,167215,-15164
31-Oct-21,Insurance,118451,114796,-3655
31-Oct-21,Media,23496,22122,-1374
31-Oct-21,Metals & Mining,115501,107931,-7570
31-Oct-21,Oil & Gas,535740,504592,-31148
31-Oct-21,Pharmaceuticals & Biotechnology,179515,170237,-9278
31-Oct-21,Real Estate Investment,0,0,0
31-Oct-21,Realty,69243,63647,-5596
31-Oct-21,Retailing,99946,87975,-11971
31-Oct-21,Software & Services,706933,669578,-37355
31-Oct-21,Telecom Services,118075,113998,-4077
31-Oct-21,Telecommunications Equipment,522,487,-35
31-Oct-21,"Textiles, Apparels & Accessories",73504,69294,-4210
31-Oct-21,Transportation,67419,62722,-4697
31-Oct-21,Airlines,14986,15721,735
31-Oct-21,Logistics,3472,3102,-370
31-Oct-21,Marine Port & Services,26551,22718,-3833
31-Oct-21,Roads & Highways,3208,2792,-416
31-Oct-21,Shipping,1397,1267,-130
31-Oct-21,Surface Transportation,98,131,33
31-Oct-21,Transport Related Services,10646,10392,-254
31-Oct-21,Airport Services,7062,6599,-463
31-Oct-21,Utilities3,173654,166468,-7186
31-Oct-21,Sovereign,0,0,0
31-Oct-21,Others4,35083,33634,-1449
31-Oct-21,Grand Total,5151713,4936691,-215022
31-Oct-22,Automobile and Auto Components,253196,272857,19661
31-Oct-22,Capital Goods,119747,125493,5746
31-Oct-22,Chemicals,102842,104451,1609
31-Oct-22,Construction,65286,69625,4339
31-Oct-22,Construction Materials,74680,79272,4592
31-Oct-22,Consumer Durables,172116,171705,-411
31-Oct-22,Consumer Services,115850,120117,4267
31-Oct-22,Diversified,1645,1636,-9
31-Oct-22,Fast Moving Consumer Goods,311122,317772,6650
31-Oct-22,Financial Services,1472197,1534042,61845
31-Oct-22,Forest Materials,1697,1880,183
31-Oct-22,Healthcare,225965,240392,14427
31-Oct-22,Information Technology,491465,508489,17024
31-Oct-22,"Media, Entertainment & Publication",22097,22288,191
31-Oct-22,Metals & Mining,142734,146884,4150
31-Oct-22,"Oil, Gas & Consumable Fuels",506554,547878,41324
31-Oct-22,Power,222601,237907,15306
31-Oct-22,Realty,52259,54128,1869
31-Oct-22,Services,74764,76971,2207
31-Oct-22,Telecommunication,121931,131006,9075
31-Oct-22,Textiles,21778,21483,-295
31-Oct-22,Utilities,361,361,0
31-Oct-22,Sovereign,0,0,0
31-Oct-22,Others,11053,11026,-27
31-Oct-22,Grand Total,4583941,4797660,213719
15-Sep-23,Automobile and Auto Components,346220,360348,14128
15-Sep-23,Capital Goods,222460,226656,4196
15-Sep-23,Chemicals,99100,99683,583
15-Sep-23,Construction,110354,118580,8226
15-Sep-23,Construction Materials,93610,98773,5163
15-Sep-23,Consumer Durables,188210,190558,2348
15-Sep-23,Consumer Services,145467,151968,6501
15-Sep-23,Diversified,3692,3825,133
15-Sep-23,Fast Moving Consumer Goods,376599,381633,5034
15-Sep-23,Financial Services,1753402,1839101,85699
15-Sep-23,Forest Materials,2247,2532,285
15-Sep-23,Healthcare,287907,295769,7862
15-Sep-23,Information Technology,520205,555824,35619
15-Sep-23,"Media, Entertainment & Publication",21230,21324,94
15-Sep-23,Metals & Mining,159347,164687,5340
15-Sep-23,"Oil, Gas & Consumable Fuels",468411,480491,12080
15-Sep-23,Power,187379,184077,-3302
15-Sep-23,Realty,76449,81577,5128
15-Sep-23,Services,95095,93819,-1276
15-Sep-23,Telecommunication,135343,146164,10821
15-Sep-23,Textiles,19140,19323,183
15-Sep-23,Utilities,859,793,-66
15-Sep-23,Sovereign,0,0,0
15-Sep-23,Others,15623,16378,755
15-Sep-23,Grand Total,5328349,5533884,205535
15-Sep-24,Automobile and Auto Components,591671,578527,-13144
15-Sep-24,Capital Goods,405929,410162,4233
15-Sep-24,Chemicals,119830,122869,3039
15-Sep-24,Construction,146176,143442,-2734
15-Sep-24,Construction Materials,128776,132692,3916
15-Sep-24,Consumer Durables,229429,244187,14758
15-Sep-24,Consumer Services,337305,352186,14881
15-Sep-24,Diversified,7583,7899,316
15-Sep-24,Fast Moving Consumer Goods,469262,485603,16341
15-Sep-24,Financial Services,2067809,2118593,50784
15-Sep-24,Forest Materials,4062,4662,600
15-Sep-24,Healthcare,469978,482398,12420
15-Sep-24,Information Technology,725132,732004,6872
15-Sep-24,"Media, Entertainment & Publication",14340,14679,339
15-Sep-24,Metals & Mining,214893,210889,-4004
15-Sep-24,"Oil, Gas & Consumable Fuels",640756,616787,-23969
15-Sep-24,Power,321866,320366,-1500
15-Sep-24,Realty,157297,160382,3085
15-Sep-24,Services,162985,162459,-526
15-Sep-24,Telecommunication,294527,299647,5120
15-Sep-24,Textiles,22242,24224,1982
15-Sep-24,Utilities,2404,2612,208
15-Sep-24,Sovereign,0,0,0
15-Sep-24,Others,19325,20609,1284
15-Sep-24,Grand Total,7553576,7647875,94299
30-Sep-23,Automobile and Auto Components,360348,356446,-3902
30-Sep-23,Capital Goods,210176,224743,14567
30-Sep-23,Chemicals,99683,95978,-3705
30-Sep-23,Construction,118580,119216,636
30-Sep-23,Construction Materials,98773,94657,-4116
30-Sep-23,Consumer Durables,190558,186907,-3651
30-Sep-23,Consumer Services,151968,150100,-1868
30-Sep-23,Diversified,3825,3853,28
30-Sep-23,Fast Moving Consumer Goods,381633,378489,-3144
30-Sep-23,Financial Services,1839105,1774155,-64950
30-Sep-23,Forest Materials,2532,2607,75
30-Sep-23,Healthcare,295769,296757,988
30-Sep-23,Information Technology,555824,533829,-21995
30-Sep-23,"Media, Entertainment & Publication",21324,20687,-637
30-Sep-23,Metals & Mining,164687,159296,-5391
30-Sep-23,"Oil, Gas & Consumable Fuels",480491,461509,-18982
30-Sep-23,Power,184077,195336,11259
30-Sep-23,Realty,81577,80489,-1088
30-Sep-23,Services,93819,91973,-1846
30-Sep-23,Telecommunication,146164,145857,-307
30-Sep-23,Textiles,19323,18652,-671
30-Sep-23,Utilities,793,886,93
30-Sep-23,Sovereign,0,0,0
30-Sep-23,Others,32855,16233,-16622
30-Sep-23,Grand Total,5533884,5408654,-125230
30-Sep-24,Automobile and Auto Components,578527,615068,36541
30-Sep-24,Capital Goods,410162,413198,3036
30-Sep-24,Chemicals,122869,125531,2662
30-Sep-24,Construction,143442,145187,1745
30-Sep-24,Construction Materials,132692,132691,-1
30-Sep-24,Consumer Durables,244187,247520,3333
30-Sep-24,Consumer Services,352186,353707,1521
30-Sep-24,Diversified,7899,7736,-163
30-Sep-24,Fast Moving Consumer Goods,485603,487906,2303
30-Sep-24,Financial Services,2118593,2169396,50803
30-Sep-24,Forest Materials,4662,4570,-92
30-Sep-24,Healthcare,482398,491059,8661
30-Sep-24,Information Technology,732004,703359,-28645
30-Sep-24,"Media, Entertainment & Publication",14679,14900,221
30-Sep-24,Metals & Mining,210889,231908,21019
30-Sep-24,"Oil, Gas & Consumable Fuels",616787,623963,7176
30-Sep-24,Power,320366,338772,18406
30-Sep-24,Realty,160382,169409,9027
30-Sep-24,Services,162459,162266,-193
30-Sep-24,Telecommunication,299647,306128,6481
30-Sep-24,Textiles,24224,23976,-248
30-Sep-24,Utilities,2612,2919,307
30-Sep-24,Sovereign,0,0,0
30-Sep-24,Others,20609,25106,4497
30-Sep-24,Grand Total,7647875,7796273,148398
15-Sep-20,Automobiles & Auto Components,147992,150818,2826
15-Sep-20,Total Financial Services,920984,887249,-33735
15-Sep-20,Banks,550692,525667,-25025
15-Sep-20,Other Financial Services1,370292,361583,-8709
15-Sep-20,Capital Goods,83731,92834,9103
15-Sep-20,Chemicals & Petrochemicals,42126,44851,2725
15-Sep-20,Coal,6341,5791,-550
15-Sep-20,Commercial Services & Supplies,9382,9694,312
15-Sep-20,Construction Materials,46750,47330,580
15-Sep-20,Consumer Durables,58584,63983,5399
15-Sep-20,Diversified2,5876,6275,399
15-Sep-20,Diversified Consumer Services,2276,2333,57
15-Sep-20,Food & Drugs Retailing,1,1,0
15-Sep-20,"Food, Beverages & Tobacco",99335,97442,-1893
15-Sep-20,Forest Materials,1144,1191,47
15-Sep-20,General Industrials,15998,16355,357
15-Sep-20,Hardware Technology & Equipment,45,45,0
15-Sep-20,Healthcare Equipment & Supplies,81,103,22
15-Sep-20,Healthcare Services,23212,24644,1432
15-Sep-20,"Hotels, Restaurants & Tourism",13573,15075,1502
15-Sep-20,Household & Personal Products,126500,128831,2331
15-Sep-20,Insurance,79269,82096,2827
15-Sep-20,Media,20498,23167,2669
15-Sep-20,Metals & Mining,38963,39258,295
15-Sep-20,Oil & Gas,375625,415787,40162
15-Sep-20,Pharmaceuticals & Biotechnology,140435,147580,7145
15-Sep-20,Real Estate Investment,0,0,0
15-Sep-20,Realty,25567,25407,-160
15-Sep-20,Retailing,43299,43774,475
15-Sep-20,Software & Services,374865,408307,33442
15-Sep-20,Telecom Services,78933,73368,-5565
15-Sep-20,Telecommunications Equipment,106,107,1
15-Sep-20,"Textiles, Apparels & Accessories",30692,31993,1301
15-Sep-20,Transportation,32838,33616,778
15-Sep-20,Airlines,6714,7628,914
15-Sep-20,Logistics,1402,1449,47
15-Sep-20,Marine Port & Services,13141,12996,-145
15-Sep-20,Roads & Highways,1481,1494,13
15-Sep-20,Shipping,911,931,20
15-Sep-20,Surface Transportation,27,31,4
15-Sep-20,Transport Related Services,6196,6047,-149
15-Sep-20,Airport Services,2966,3040,74
15-Sep-20,Utilities3,68803,67723,-1080
15-Sep-20,Sovereign,0,0,0
15-Sep-20,Others4,21466,23005,1539
15-Sep-20,Grand Total,2935288,3010031,74743
15-Sep-21,Automobiles & Auto Components,190014,193100,3086
15-Sep-21,Total Financial Services,1523088,1531558,8470
15-Sep-21,Banks,852223,858412,6189
15-Sep-21,Other Financial Services1,670865,673146,2281
15-Sep-21,Capital Goods,158995,163638,4643
15-Sep-21,Chemicals & Petrochemicals,82820,86419,3599
15-Sep-21,Coal,5908,6564,656
15-Sep-21,Commercial Services & Supplies,40125,37895,-2230
15-Sep-21,Construction Materials,102261,107194,4933
15-Sep-21,Consumer Durables,135077,145793,10716
15-Sep-21,Diversified2,15694,17294,1600
15-Sep-21,Diversified Consumer Services,3540,3988,448
15-Sep-21,Food & Drugs Retailing,4,3,-1
15-Sep-21,"Food, Beverages & Tobacco",123734,127576,3842
15-Sep-21,Forest Materials,1889,1986,97
15-Sep-21,General Industrials,37682,40592,2910
15-Sep-21,Hardware Technology & Equipment,51,57,6
15-Sep-21,Healthcare Equipment & Supplies,1444,1506,62
15-Sep-21,Healthcare Services,67352,67270,-82
15-Sep-21,"Hotels, Restaurants & Tourism",32456,35271,2815
15-Sep-21,Household & Personal Products,184167,189069,4902
15-Sep-21,Insurance,121569,124361,2792
15-Sep-21,Media,17470,22641,5171
15-Sep-21,Metals & Mining,112432,115356,2924
15-Sep-21,Oil & Gas,457790,464965,7175
15-Sep-21,Pharmaceuticals & Biotechnology,177865,180670,2805
15-Sep-21,Real Estate Investment,0,0,0
15-Sep-21,Realty,49798,53851,4053
15-Sep-21,Retailing,85585,89422,3837
15-Sep-21,Software & Services,702454,727235,24781
15-Sep-21,Telecom Services,98173,110407,12234
15-Sep-21,Telecommunications Equipment,298,389,91
15-Sep-21,"Textiles, Apparels & Accessories",54406,58993,4587
15-Sep-21,Transportation,61009,63672,2663
15-Sep-21,Airlines,14203,14633,430
15-Sep-21,Logistics,3223,3230,7
15-Sep-21,Marine Port & Services,24509,25199,690
15-Sep-21,Roads & Highways,2545,2827,282
15-Sep-21,Shipping,1262,1326,64
15-Sep-21,Surface Transportation,81,84,3
15-Sep-21,Transport Related Services,10654,11326,672
15-Sep-21,Airport Services,4531,5047,516
15-Sep-21,Utilities3,136793,149218,12425
15-Sep-21,Sovereign,0,0,0
15-Sep-21,Others4,7973,31527,23554
15-Sep-21,Grand Total,4789916,4949482,159566
15-Sep-22,Automobile and Auto Components,265918,272961,7043
15-Sep-22,Capital Goods,117775,116994,-781
15-Sep-22,Chemicals,107663,111864,4201
15-Sep-22,Construction,64691,66317,1626
15-Sep-22,Construction Materials,75929,83037,7108
15-Sep-22,Consumer Durables,179276,181028,1752
15-Sep-22,Consumer Services,116387,121602,5215
15-Sep-22,Diversified,1658,1680,22
15-Sep-22,Fast Moving Consumer Goods,317335,319797,2462
15-Sep-22,Financial Services,1519470,1549879,30409
15-Sep-22,Forest Materials,1666,1758,92
15-Sep-22,Healthcare,219816,222421,2605
15-Sep-22,Information Technology,511536,493146,-18390
15-Sep-22,"Media, Entertainment & Publication",22254,23545,1291
15-Sep-22,Metals & Mining,150326,161649,11323
15-Sep-22,"Oil, Gas & Consumable Fuels",572737,553669,-19068
15-Sep-22,Power,263278,266904,3626
15-Sep-22,Realty,59419,59695,276
15-Sep-22,Services,79154,85936,6782
15-Sep-22,Telecommunication,115523,124057,8534
15-Sep-22,Textiles,21706,21421,-285
15-Sep-22,Utilities,393,414,21
15-Sep-22,Sovereign,0,0,0
15-Sep-22,Others,10187,11983,1796
15-Sep-22,Grand Total,4794095,4851755,57660
30-Sep-12,Automobiles & Auto Components,49037,917,-48120
30-Sep-12,Total Financial Services,290183,5527,-284656
30-Sep-12,Banks,161303,3879,-157424
30-Sep-12,Other Financial Services1,128880,1648,-127232
30-Sep-12,Capital Goods,61460,1395,-60065
30-Sep-12,Chemicals & Petrochemicals,8556,85,-8471
30-Sep-12,Coal,13867,-14,-13881
30-Sep-12,Commercial Services & Supplies,4990,7,-4983
30-Sep-12,Construction Materials,25431,287,-25144
30-Sep-12,Consumer Durables,9001,105,-8896
30-Sep-12,Diversified2,2101,23,-2078
30-Sep-12,Diversified Consumer Services,701,-3,-704
30-Sep-12,"Food, Beverages & Tobacco",61747,-113,-61860
30-Sep-12,Forest Materials,379,-1,-380
30-Sep-12,General Industrials,5358,79,-5279
30-Sep-12,Hardware Technology & Equipment,254,-2,-256
30-Sep-12,Healthcare Equipment & Supplies,1211,19,-1192
30-Sep-12,Healthcare Services,3626,28,-3598
30-Sep-12,"Hotels, Restaurants & Tourism",4478,46,-4432
30-Sep-12,Household & Personal Products,44163,474,-43689
30-Sep-12,Media,11170,70,-11100
30-Sep-12,Metals & Mining,35755,993,-34762
30-Sep-12,Oil & Gas,72816,4640,-68176
30-Sep-12,Pharmaceuticals & Biotechnology,57071,-202,-57273
30-Sep-12,Realty,14504,172,-14332
30-Sep-12,Retailing,2528,-13,-2541
30-Sep-12,Software & Services,131467,928,-130539
30-Sep-12,Telecom Services,21541,293,-21248
30-Sep-12,Telecommunications Equipment,124,5,-119
30-Sep-12,"Textiles, Apparels & Accessories",15260,28,-15232
30-Sep-12,Transportation,9478,63,-9415
30-Sep-12,Airlines,235,-6,-241
30-Sep-12,Logistics,734,0,-734
30-Sep-12,Marine Port & Services,3181,10,-3171
30-Sep-12,Roads & Highways,943,74,-869
30-Sep-12,Shipping,1011,-13,-1024
30-Sep-12,Surface Transportation,30,0,-30
30-Sep-12,Transport Related Services,3343,-1,-3344
30-Sep-12,Utilities3,35926,392,-35534
30-Sep-12,Sovereign,0,0,0
30-Sep-12,Others4,13308,150,-13158
30-Sep-20,Automobiles & Auto Components,150818,148495,-2323
30-Sep-20,Total Financial Services,887249,856176,-31073
30-Sep-20,Banks,525667,505840,-19827
30-Sep-20,Other Financial Services1,361583,350337,-11246
30-Sep-20,Capital Goods,92834,93427,593
30-Sep-20,Chemicals & Petrochemicals,44851,43146,-1705
30-Sep-20,Coal,5791,5193,-598
30-Sep-20,Commercial Services & Supplies,9694,9766,72
30-Sep-20,Construction Materials,47330,47945,615
30-Sep-20,Consumer Durables,63983,63972,-11
30-Sep-20,Diversified2,6275,6000,-275
30-Sep-20,Diversified Consumer Services,2333,2174,-159
30-Sep-20,Food & Drugs Retailing,1,1,0
30-Sep-20,"Food, Beverages & Tobacco",97442,92248,-5194
30-Sep-20,Forest Materials,1191,1082,-109
30-Sep-20,General Industrials,16355,16629,274
30-Sep-20,Hardware Technology & Equipment,45,45,0
30-Sep-20,Healthcare Equipment & Supplies,103,117,14
30-Sep-20,Healthcare Services,24644,28035,3391
30-Sep-20,"Hotels, Restaurants & Tourism",15075,14861,-214
30-Sep-20,Household & Personal Products,128831,128272,-559
30-Sep-20,Insurance,82096,78507,-3589
30-Sep-20,Media,23167,22111,-1056
30-Sep-20,Metals & Mining,39258,36970,-2288
30-Sep-20,Oil & Gas,415787,396632,-19155
30-Sep-20,Pharmaceuticals & Biotechnology,147580,146553,-1027
30-Sep-20,Real Estate Investment,0,0,0
30-Sep-20,Realty,25407,24263,-1144
30-Sep-20,Retailing,43774,43650,-124
30-Sep-20,Software & Services,408307,416167,7860
30-Sep-20,Telecom Services,73368,61740,-11628
30-Sep-20,Telecommunications Equipment,107,81,-26
30-Sep-20,"Textiles, Apparels & Accessories",31993,32886,893
30-Sep-20,Transportation,33616,31905,-1711
30-Sep-20,Airlines,7628,7200,-428
30-Sep-20,Logistics,1449,1441,-8
30-Sep-20,Marine Port & Services,12996,12623,-373
30-Sep-20,Roads & Highways,1494,1346,-148
30-Sep-20,Shipping,931,841,-90
30-Sep-20,Surface Transportation,31,29,-2
30-Sep-20,Transport Related Services,6047,5491,-556
30-Sep-20,Airport Services,3040,2933,-107
30-Sep-20,Utilities3,67723,63212,-4511
30-Sep-20,Sovereign,0,0,0
30-Sep-20,Others4,23005,25227,2222
30-Sep-20,Grand Total,3010031,2937489,-72542
30-Sep-21,Automobiles & Auto Components,193100,198251,5151
30-Sep-21,Total Financial Services,1531558,1548114,16556
30-Sep-21,Banks,858412,875404,16992
30-Sep-21,Other Financial Services1,673146,672709,-437
30-Sep-21,Capital Goods,163638,132951,-30687
30-Sep-21,Chemicals & Petrochemicals,86419,82241,-4178
30-Sep-21,Coal,6564,7780,1216
30-Sep-21,Commercial Services & Supplies,37895,35287,-2608
30-Sep-21,Construction Materials,107194,101309,-5885
30-Sep-21,Consumer Durables,145793,142947,-2846
30-Sep-21,Diversified2,17294,13863,-3431
30-Sep-21,Diversified Consumer Services,3988,7046,3058
30-Sep-21,Food & Drugs Retailing,3,3,0
30-Sep-21,"Food, Beverages & Tobacco",127576,130826,3250
30-Sep-21,Forest Materials,1986,2124,138
30-Sep-21,General Industrials,40592,39580,-1012
30-Sep-21,Hardware Technology & Equipment,57,71,14
30-Sep-21,Healthcare Equipment & Supplies,1506,1439,-67
30-Sep-21,Healthcare Services,67270,61480,-5790
30-Sep-21,"Hotels, Restaurants & Tourism",35271,35584,313
30-Sep-21,Household & Personal Products,189069,182828,-6241
30-Sep-21,Insurance,124361,121951,-2410
30-Sep-21,Media,22641,23008,367
30-Sep-21,Metals & Mining,115356,107967,-7389
30-Sep-21,Oil & Gas,464965,501861,36896
30-Sep-21,Pharmaceuticals & Biotechnology,180670,175944,-4726
30-Sep-21,Real Estate Investment,0,0,0
30-Sep-21,Realty,53851,66609,12758
30-Sep-21,Retailing,89422,87999,-1423
30-Sep-21,Software & Services,727235,705181,-22054
30-Sep-21,Telecom Services,110407,116898,6491
30-Sep-21,Telecommunications Equipment,389,431,42
30-Sep-21,"Textiles, Apparels & Accessories",58993,62892,3899
30-Sep-21,Transportation,63672,63829,157
30-Sep-21,Airlines,14633,14508,-125
30-Sep-21,Logistics,3230,3221,-9
30-Sep-21,Marine Port & Services,25199,24211,-988
30-Sep-21,Roads & Highways,2827,3075,248
30-Sep-21,Shipping,1326,1368,42
30-Sep-21,Surface Transportation,84,83,-1
30-Sep-21,Transport Related Services,11326,11134,-192
30-Sep-21,Airport Services,5047,6229,1182
30-Sep-21,Utilities3,149218,160764,11546
30-Sep-21,Sovereign,0,0,0
30-Sep-21,Others4,31527,31327,-200
30-Sep-21,Grand Total,4949482,4950384,902
30-Sep-22,Automobile and Auto Components,272961,259928,-13033
30-Sep-22,Capital Goods,116994,119411,2417
30-Sep-22,Chemicals,111864,102551,-9313
30-Sep-22,Construction,66317,62874,-3443
30-Sep-22,Construction Materials,83037,76470,-6567
30-Sep-22,Consumer Durables,181028,177295,-3733
30-Sep-22,Consumer Services,121602,119028,-2574
30-Sep-22,Diversified,1680,1704,24
30-Sep-22,Fast Moving Consumer Goods,319797,323204,3407
30-Sep-22,Financial Services,1549879,1459322,-90557
30-Sep-22,Forest Materials,1758,1639,-119
30-Sep-22,Healthcare,222421,225618,3197
30-Sep-22,Information Technology,493146,475769,-17377
30-Sep-22,"Media, Entertainment & Publication",23545,21646,-1899
30-Sep-22,Metals & Mining,161649,147022,-14627
30-Sep-22,"Oil, Gas & Consumable Fuels",553669,514343,-39326
30-Sep-22,Power,266904,234233,-32671
30-Sep-22,Realty,59695,53138,-6557
30-Sep-22,Services,85936,77695,-8241
30-Sep-22,Telecommunication,124057,126434,2377
30-Sep-22,Textiles,21421,21441,20
30-Sep-22,Utilities,414,360,-54
30-Sep-22,Sovereign,0,0,0
30-Sep-22,Others,11983,11168,-815
30-Sep-22,Grand Total,4851755,4612296,-239459
